You are an expert in handwritten character recognition.

You are given a labeled training dataset of handwritten characters represented as point clouds.

Each sample contains:
- image width
- image height
- coordinates of black pixels
- class label

Your task is to classify the test samples.

Rules:
- Compare test samples only with the given training samples.
- Use geometric similarity of point arrangements.
- Focus on shape structure, position, and stroke patterns.
- Do not use external knowledge about characters.
- Do not describe machine learning algorithms.
- Output the predicted class for each test sample.
- At the end, compute classification accuracy using the provided labels.

Training dataset:

Sample 1
Class: A
Image size: 105x105
Number of points: 80
Points:
(82,71) (67,37) (63,29) (44,77) (28,45) (41,44) (30,44) (39,39) (78,76) (45,36) (56,73) (29,64) (48,35) (77,67) (82,54) (48,30) (47,30) (51,35) (71,43) (35,44) (77,60) (26,69) (64,29) (63,65) (19,42) (33,75) (72,72) (69,73) (65,54) (78,43) (40,56) (61,67) (51,45) (51,29) (49,78) (67,79) (49,39) (67,73) (80,49) (47,39) (58,43) (51,78) (64,49) (23,52) (65,35) (75,50) (21,50) (33,69) (59,44) (45,31) (39,76) (82,56) (57,63) (74,38) (16,52) (63,34) (77,64) (26,46) (28,71) (37,70) (16,51) (83,66) (55,41) (70,73) (58,34) (46,31) (48,73) (32,44) (72,78) (24,46) (44,36) (60,56) (43,71) (22,51) (51,39) (59,51) (58,50) (77,42) (53,73) (72,44)

Sample 2
Class: B
Image size: 105x105
Number of points: 80
Points:
(31,30) (29,43) (61,86) (62,52) (29,42) (36,80) (67,69) (68,55) (44,89) (35,49) (67,62) (29,28) (62,50) (27,25) (62,61) (61,72) (62,55) (59,29) (35,48) (55,89) (42,84) (67,71) (65,79) (60,39) (29,55) (28,39) (68,52) (46,89) (36,87) (68,54) (53,90) (30,76) (52,90) (35,72) (62,67) (65,38) (47,84) (56,83) (65,32) (28,27) (33,35) (66,40) (61,41) (35,75) (30,29) (61,70) (29,70) (31,81) (33,85) (35,53) (42,89) (58,22) (65,35) (35,87) (35,55) (67,64) (60,35) (68,58) (66,76) (34,41) (36,79) (60,20) (43,84) (29,44) (46,84) (65,34) (35,59) (62,46) (29,69) (66,41) (60,87) (62,85) (59,20) (62,62) (40,83) (23,24) (62,60) (68,51) (58,28) (29,52)

Sample 3
Class: C
Image size: 105x105
Number of points: 80
Points:
(73,53) (52,38) (46,39) (30,50) (46,37) (28,52) (36,40) (48,70) (53,62) (69,49) (68,52) (53,40) (74,43) (27,52) (47,56) (53,47) (65,40) (47,52) (62,40) (25,46) (64,46) (53,61) (57,46) (30,48) (53,51) (69,48) (34,40) (73,41) (68,40) (52,36) (41,46) (47,31) (47,55) (73,52) (69,40) (47,57) (67,40) (49,29) (52,37) (46,36) (47,66) (48,71) (52,32) (39,46) (53,55) (47,51) (70,41) (32,45) (52,71) (47,65) (53,64) (37,40) (52,68) (72,41) (29,52) (74,46) (59,40) (28,40) (47,61) (74,47) (45,46) (53,65) (25,47) (26,41) (30,51) (55,46) (51,31) (47,58) (38,46) (37,46) (52,34) (46,32) (47,64) (53,56) (54,40) (47,63) (47,50) (46,35) (35,40) (69,53)

Sample 4
Class: D
Image size: 105x105
Number of points: 80
Points:
(45,29) (58,71) (37,63) (49,26) (34,58) (45,28) (63,40) (40,65) (69,36) (47,21) (45,62) (61,72) (34,23) (80,20) (60,71) (56,20) (35,22) (46,35) (69,26) (37,54) (59,66) (57,66) (46,32) (44,52) (39,21) (62,26) (57,49) (74,19) (62,49) (69,38) (38,64) (63,41) (60,66) (57,26) (69,42) (69,32) (38,21) (64,71) (40,21) (55,43) (55,66) (67,67) (55,71) (58,26) (68,68) (50,21) (69,28) (44,21) (43,21) (40,35) (37,53) (73,25) (63,36) (69,20) (34,57) (52,70) (56,43) (46,38) (40,31) (63,35) (38,51) (35,26) (48,43) (49,64) (46,21) (77,19) (83,23) (59,71) (46,68) (63,48) (46,36) (52,49) (46,41) (44,61) (65,71) (49,43) (54,71) (63,72) (79,24) (36,26)

Sample 5
Class: A
Image size: 105x105
Number of points: 80
Points:
(33,31) (36,23) (62,22) (48,61) (31,25) (48,31) (66,31) (67,67) (21,28) (65,38) (63,27) (73,71) (71,56) (65,55) (53,30) (15,18) (42,21) (71,48) (50,31) (37,17) (40,11) (42,37) (25,24) (74,72) (71,30) (34,25) (42,51) (38,61) (42,49) (38,62) (38,12) (17,23) (15,20) (28,25) (51,60) (69,16) (36,42) (71,64) (27,25) (71,49) (24,24) (19,17) (36,34) (42,41) (15,17) (65,40) (32,30) (36,22) (36,40) (71,61) (71,46) (43,69) (26,30) (35,25) (71,25) (65,47) (70,15) (18,26) (42,47) (34,31) (33,25) (63,22) (65,43) (71,16) (52,54) (23,29) (19,27) (65,53) (65,39) (71,33) (58,29) (24,29) (72,78) (49,26) (71,45) (71,36) (51,31) (42,19) (74,73) (42,57)

Sample 6
Class: B
Image size: 105x105
Number of points: 80
Points:
(51,52) (50,70) (64,80) (48,61) (31,48) (30,87) (30,21) (32,32) (63,82) (49,43) (45,38) (26,64) (28,44) (30,22) (32,31) (26,65) (24,55) (31,49) (57,73) (54,77) (32,47) (28,85) (20,66) (53,59) (22,89) (51,51) (21,64) (30,40) (43,43) (30,23) (52,72) (19,84) (31,18) (47,60) (55,78) (26,89) (19,71) (24,73) (52,74) (24,74) (19,70) (37,40) (46,50) (52,54) (31,26) (56,69) (25,89) (20,67) (25,84) (50,69) (32,33) (56,80) (32,46) (47,59) (26,47) (24,81) (30,53) (26,48) (24,53) (57,71) (27,46) (48,62) (37,33) (36,40) (24,54) (24,76) (46,51) (28,89) (31,38) (49,66) (48,63) (44,46) (53,75) (27,62) (64,81) (24,72) (44,45) (47,40) (18,79) (24,89)

Sample 7
Class: C
Image size: 105x105
Number of points: 80
Points:
(26,61) (66,73) (76,71) (51,75) (39,47) (41,75) (74,73) (63,41) (72,37) (32,51) (43,75) (32,64) (51,38) (50,47) (26,58) (45,47) (70,46) (52,41) (71,32) (66,32) (26,41) (57,74) (51,47) (26,57) (57,69) (36,69) (66,33) (46,47) (36,47) (50,75) (32,59) (32,52) (72,38) (67,67) (62,67) (26,46) (56,47) (26,47) (59,74) (72,36) (32,62) (27,67) (48,30) (30,72) (71,68) (73,69) (37,69) (34,74) (31,35) (39,69) (38,47) (26,40) (32,38) (45,69) (71,73) (62,47) (48,47) (68,74) (26,50) (33,41) (71,35) (36,74) (45,36) (31,73) (55,74) (26,64) (65,47) (32,50) (26,55) (58,41) (27,69) (43,47) (56,74) (27,68) (59,47) (49,75) (26,49) (44,47) (45,37) (69,68)

Sample 8
Class: D
Image size: 105x105
Number of points: 80
Points:
(43,58) (55,56) (76,38) (51,38) (40,40) (68,60) (48,58) (45,38) (39,40) (57,55) (79,21) (38,41) (77,37) (76,39) (45,44) (53,43) (56,62) (81,21) (48,27) (55,27) (50,37) (39,48) (56,27) (72,33) (72,21) (39,52) (39,51) (43,44) (70,62) (63,57) (71,21) (72,31) (34,53) (33,49) (78,66) (50,21) (71,64) (73,47) (44,58) (43,21) (64,45) (61,42) (71,52) (55,62) (42,63) (75,71) (77,34) (49,58) (34,55) (54,21) (55,44) (33,51) (62,27) (64,57) (43,27) (80,75) (40,62) (53,21) (60,49) (80,68) (54,63) (82,21) (34,54) (47,27) (42,57) (71,27) (65,21) (41,39) (75,43) (77,32) (65,56) (58,40) (54,38) (66,57) (49,21) (66,21) (56,45) (77,35) (75,21) (60,21)

Sample 9
Class: A
Image size: 105x105
Number of points: 80
Points:
(38,61) (42,22) (50,38) (49,35) (33,67) (35,22) (62,52) (48,32) (33,38) (30,31) (43,47) (62,55) (37,30) (69,48) (49,36) (41,47) (61,57) (33,39) (66,61) (62,42) (43,33) (62,51) (29,74) (62,60) (61,58) (37,70) (62,62) (35,33) (38,42) (48,29) (69,49) (41,22) (63,64) (63,49) (41,56) (64,42) (69,42) (41,65) (44,35) (47,27) (62,50) (67,56) (67,52) (45,38) (42,29) (46,57) (34,42) (61,56) (44,51) (43,30) (28,70) (34,24) (56,42) (52,48) (71,44) (41,55) (32,68) (39,27) (36,48) (42,54) (55,42) (36,21) (70,43) (70,47) (42,64) (27,45) (60,42) (49,53) (31,47) (27,73) (71,45) (35,34) (40,48) (33,40) (43,52) (53,48) (60,47) (31,69) (44,61) (62,61)

Sample 10
Class: B
Image size: 105x105
Number of points: 80
Points:
(34,50) (27,54) (62,49) (51,33) (51,50) (18,65) (61,49) (24,66) (52,75) (79,80) (19,59) (46,55) (50,18) (78,68) (46,54) (30,45) (24,68) (38,49) (78,56) (69,49) (72,55) (70,50) (55,78) (45,50) (20,74) (44,14) (73,70) (34,45) (45,33) (60,49) (48,61) (50,68) (24,67) (55,68) (78,64) (50,15) (45,35) (71,51) (43,49) (24,61) (72,52) (76,76) (19,58) (18,67) (81,73) (79,71) (20,56) (78,62) (57,73) (77,54) (72,56) (48,65) (35,50) (65,49) (55,49) (45,42) (72,45) (51,53) (51,72) (31,45) (40,49) (78,67) (77,77) (51,71) (77,50) (45,37) (28,46) (77,51) (53,49) (47,57) (70,44) (46,52) (44,15) (23,72) (52,43) (37,50) (45,23) (45,25) (51,51) (51,37)

Sample 11
Class: C
Image size: 105x105
Number of points: 80
Points:
(30,30) (51,71) (38,45) (64,60) (33,62) (33,57) (55,48) (17,40) (41,33) (66,43) (64,61) (26,36) (70,33) (62,52) (59,63) (18,34) (53,71) (45,77) (60,33) (65,38) (64,38) (46,71) (20,47) (27,35) (64,43) (43,36) (43,71) (33,54) (59,75) (36,74) (53,76) (59,42) (59,67) (43,50) (38,58) (39,57) (43,46) (62,72) (58,55) (29,47) (49,71) (54,76) (63,33) (40,76) (34,35) (54,41) (57,76) (73,41) (78,43) (74,34) (68,38) (54,43) (44,39) (33,71) (42,34) (33,29) (32,53) (35,74) (19,46) (39,31) (17,43) (54,45) (27,45) (64,58) (73,33) (24,43) (78,40) (34,55) (39,70) (18,44) (44,38) (78,38) (30,47) (64,56) (17,37) (59,60) (29,53) (44,44) (65,64) (64,69)

Sample 12
Class: D
Image size: 105x105
Number of points: 80
Points:
(62,65) (47,61) (62,26) (71,79) (62,23) (44,61) (43,48) (67,81) (69,41) (66,22) (37,27) (56,39) (72,73) (72,76) (63,22) (51,43) (66,74) (68,33) (43,62) (66,66) (49,61) (39,44) (63,34) (66,76) (46,61) (61,65) (64,51) (39,59) (64,49) (37,48) (29,28) (41,32) (37,49) (61,59) (65,65) (58,44) (39,58) (66,67) (33,23) (55,61) (36,27) (43,47) (40,42) (41,28) (63,58) (57,66) (41,20) (49,67) (34,62) (62,59) (73,23) (63,35) (41,53) (35,66) (72,23) (49,37) (50,43) (47,29) (34,65) (74,28) (29,23) (68,82) (61,39) (68,31) (69,46) (72,67) (37,22) (34,59) (38,27) (41,39) (34,28) (46,28) (41,31) (60,44) (54,66) (53,43) (71,59) (72,64) (71,62) (69,39)

Sample 13
Class: A
Image size: 105x105
Number of points: 80
Points:
(76,70) (53,81) (70,36) (42,61) (66,40) (73,84) (46,77) (63,35) (55,27) (37,48) (42,65) (36,56) (41,77) (73,46) (50,20) (64,48) (59,50) (45,83) (62,82) (82,74) (47,37) (43,69) (67,80) (39,74) (65,56) (36,55) (78,80) (70,60) (62,53) (58,40) (74,44) (58,82) (54,44) (79,64) (61,25) (36,53) (83,72) (37,61) (71,61) (48,37) (75,75) (38,25) (52,34) (74,76) (46,84) (71,54) (40,31) (75,68) (70,79) (55,21) (64,36) (73,64) (64,37) (50,28) (44,72) (72,46) (72,55) (54,87) (37,63) (36,29) (63,54) (49,80) (76,60) (55,87) (76,74) (69,80) (67,86) (61,44) (60,87) (42,49) (74,43) (38,30) (80,67) (39,31) (61,87) (38,69) (65,38) (67,50) (59,24) (35,26)

Sample 14
Class: B
Image size: 105x105
Number of points: 80
Points:
(89,42) (50,32) (24,41) (89,44) (88,45) (58,49) (24,35) (41,39) (41,55) (43,48) (11,57) (60,62) (15,37) (22,36) (66,36) (70,32) (74,58) (49,46) (20,59) (39,39) (80,53) (19,58) (89,34) (34,39) (57,51) (24,60) (84,39) (48,51) (37,61) (68,27) (81,51) (21,41) (81,61) (31,56) (30,35) (59,32) (43,50) (10,44) (46,58) (59,41) (25,60) (15,49) (17,63) (59,39) (15,51) (64,41) (84,37) (58,46) (87,52) (45,33) (37,39) (47,57) (63,57) (43,41) (65,63) (77,27) (15,61) (43,47) (43,40) (62,62) (27,65) (85,31) (72,58) (10,41) (33,39) (58,44) (65,38) (23,60) (55,37) (16,62) (69,64) (33,62) (38,34) (57,59) (40,33) (41,60) (62,30) (18,42) (15,50) (81,28)

Sample 15
Class: C
Image size: 105x105
Number of points: 80
Points:
(39,66) (71,54) (27,36) (48,32) (33,51) (67,52) (17,58) (57,41) (57,44) (54,64) (77,54) (54,63) (64,61) (26,50) (32,40) (39,49) (34,61) (37,53) (62,33) (27,61) (40,32) (32,37) (36,47) (78,56) (72,65) (72,56) (48,26) (74,49) (23,64) (27,35) (38,60) (17,55) (73,49) (59,66) (77,55) (39,55) (28,33) (66,47) (29,61) (37,27) (27,66) (64,67) (63,46) (30,31) (77,60) (76,51) (59,57) (28,34) (27,37) (35,28) (55,27) (17,52) (60,61) (51,32) (67,47) (41,64) (57,36) (40,56) (22,55) (40,58) (60,66) (27,39) (52,32) (45,61) (54,57) (30,50) (52,27) (35,46) (71,59) (59,54) (74,64) (45,54) (61,30) (28,50) (57,43) (62,34) (62,45) (69,66) (51,26) (59,28)

Sample 16
Class: D
Image size: 105x105
Number of points: 80
Points:
(47,73) (57,38) (77,26) (94,19) (78,55) (65,24) (64,18) (57,77) (79,72) (78,54) (66,24) (73,57) (78,24) (74,75) (48,79) (70,25) (78,37) (41,73) (86,23) (48,73) (79,84) (57,58) (91,17) (51,31) (42,79) (85,23) (94,20) (72,53) (77,27) (74,73) (42,24) (85,18) (27,64) (46,79) (42,18) (29,21) (36,18) (72,41) (49,73) (50,26) (78,57) (51,37) (37,18) (72,29) (55,18) (79,70) (78,45) (57,52) (87,18) (37,71) (61,18) (47,49) (28,48) (43,73) (52,42) (52,51) (32,58) (84,18) (57,48) (78,50) (81,24) (26,60) (51,18) (73,69) (46,73) (77,86) (78,63) (27,52) (56,34) (27,49) (58,62) (44,18) (60,18) (49,49) (54,78) (57,44) (34,46) (33,66) (36,50) (52,68)

Sample 17
Class: A
Image size: 105x105
Number of points: 80
Points:
(19,47) (84,23) (84,24) (67,37) (65,62) (86,28) (83,22) (80,27) (66,35) (64,64) (70,65) (66,59) (66,56) (23,72) (90,37) (24,41) (19,61) (25,55) (90,36) (25,48) (19,53) (19,62) (24,45) (69,26) (41,77) (54,71) (35,27) (26,68) (18,68) (32,75) (19,57) (43,72) (47,32) (19,48) (83,32) (91,43) (50,38) (86,42) (19,44) (47,72) (57,26) (57,37) (90,44) (28,69) (22,34) (69,40) (53,29) (34,70) (72,50) (46,23) (85,25) (49,25) (50,26) (65,45) (68,26) (64,72) (52,72) (63,40) (45,78) (31,28) (40,57) (45,22) (71,59) (71,57) (23,38) (31,69) (75,27) (87,43) (90,38) (61,73) (88,44) (51,21) (40,36) (65,61) (56,37) (85,38) (79,26) (66,58) (25,53) (45,32)

Sample 18
Class: B
Image size: 105x105
Number of points: 80
Points:
(25,45) (35,70) (85,50) (58,41) (59,61) (46,74) (28,63) (16,42) (51,55) (31,76) (91,50) (75,67) (67,74) (35,83) (48,81) (42,84) (52,74) (84,31) (32,80) (51,54) (89,31) (27,47) (90,54) (26,58) (59,60) (83,26) (52,44) (31,75) (86,65) (52,37) (23,44) (46,83) (54,32) (90,39) (61,73) (22,50) (81,63) (34,67) (68,68) (83,60) (52,45) (33,63) (32,58) (51,59) (36,75) (41,78) (52,39) (90,34) (48,82) (84,34) (85,38) (56,68) (62,67) (53,70) (49,79) (85,66) (60,72) (27,61) (76,67) (85,41) (90,55) (39,78) (58,70) (47,73) (90,57) (53,34) (52,50) (49,65) (42,78) (57,35) (21,49) (51,57) (85,49) (16,44) (52,53) (51,56) (58,59) (58,42) (53,71) (91,46)

Sample 19
Class: C
Image size: 105x105
Number of points: 80
Points:
(53,35) (75,49) (41,57) (62,66) (43,39) (68,54) (64,58) (62,73) (44,64) (43,71) (67,47) (61,32) (75,51) (60,68) (45,31) (66,52) (52,30) (75,53) (62,32) (69,46) (42,59) (64,52) (38,59) (58,52) (63,66) (43,62) (61,52) (69,43) (49,35) (66,70) (53,30) (60,47) (59,36) (38,61) (46,73) (64,65) (75,47) (42,33) (58,74) (67,34) (43,40) (68,68) (62,59) (57,52) (39,57) (63,32) (49,74) (74,45) (63,47) (71,38) (62,47) (53,69) (64,72) (57,55) (38,62) (57,69) (40,57) (45,65) (61,37) (66,47) (72,63) (72,62) (68,35) (72,39) (66,34) (38,63) (38,41) (62,37) (69,36) (38,60) (47,36) (50,69) (38,37) (66,54) (58,54) (65,58) (60,59) (75,52) (74,59) (59,47)

Sample 20
Class: D
Image size: 105x105
Number of points: 80
Points:
(31,47) (35,33) (45,57) (71,26) (67,58) (46,57) (31,46) (60,43) (24,26) (42,50) (63,60) (28,27) (60,46) (58,58) (49,58) (48,25) (25,26) (59,51) (60,44) (35,27) (44,28) (25,53) (63,25) (44,58) (44,36) (60,47) (54,59) (40,60) (45,26) (44,29) (51,49) (71,27) (42,60) (28,35) (62,25) (44,41) (26,57) (69,61) (63,61) (66,33) (42,51) (25,52) (44,44) (41,53) (40,54) (31,49) (69,25) (66,48) (61,26) (43,48) (61,28) (31,53) (50,44) (66,41) (29,33) (60,48) (50,27) (44,32) (31,50) (53,53) (44,31) (42,52) (35,31) (63,62) (50,28) (36,55) (68,60) (31,51) (33,22) (60,35) (50,38) (43,49) (68,59) (60,36) (50,39) (29,32) (50,33) (50,45) (35,29) (69,65)

Sample 21
Class: A
Image size: 105x105
Number of points: 80
Points:
(46,76) (63,22) (52,54) (43,32) (71,84) (79,60) (39,34) (27,35) (63,36) (37,35) (61,67) (47,24) (60,64) (49,58) (57,43) (78,67) (56,47) (62,68) (20,43) (46,77) (62,43) (62,50) (50,71) (31,38) (49,59) (73,81) (70,67) (51,70) (46,47) (50,61) (75,73) (52,76) (53,65) (26,35) (63,38) (63,32) (57,44) (55,25) (49,72) (50,60) (65,79) (63,29) (75,74) (57,31) (39,28) (40,46) (70,68) (68,74) (57,33) (52,67) (63,28) (57,41) (61,55) (54,20) (73,64) (56,25) (76,62) (60,60) (26,43) (77,61) (63,27) (62,41) (63,20) (43,52) (50,29) (45,54) (42,33) (62,47) (56,71) (29,33) (62,15) (58,27) (63,18) (24,45) (62,40) (63,33) (74,78) (71,65) (48,30) (40,48)

Sample 22
Class: B
Image size: 105x105
Number of points: 80
Points:
(39,60) (55,65) (37,46) (39,36) (32,61) (24,73) (31,85) (31,90) (44,84) (54,75) (40,38) (42,44) (59,90) (22,78) (47,83) (51,80) (35,32) (61,84) (22,79) (48,82) (68,93) (24,87) (43,48) (60,64) (54,73) (32,31) (30,84) (60,68) (40,90) (27,82) (60,72) (37,54) (38,85) (39,85) (36,41) (60,79) (32,69) (35,39) (27,89) (60,80) (54,78) (48,88) (27,81) (31,33) (24,71) (28,76) (32,36) (22,85) (56,87) (25,70) (38,62) (44,90) (25,69) (64,88) (33,68) (66,89) (36,85) (45,84) (42,43) (60,82) (55,67) (42,47) (39,90) (30,90) (49,88) (60,67) (42,52) (60,75) (60,76) (42,53) (41,85) (60,91) (68,91) (31,35) (29,65) (36,56) (35,85) (22,84) (38,35) (34,66)

Sample 23
Class: C
Image size: 105x105
Number of points: 80
Points:
(74,46) (13,58) (14,52) (82,59) (47,55) (31,43) (25,29) (38,69) (46,63) (44,39) (21,45) (23,49) (69,29) (16,64) (78,47) (43,44) (23,34) (80,49) (41,54) (20,52) (42,68) (55,54) (14,51) (27,48) (73,38) (82,56) (65,66) (42,58) (61,43) (32,32) (28,68) (56,53) (30,32) (82,53) (13,62) (45,38) (13,60) (19,46) (71,47) (71,32) (76,47) (78,64) (41,46) (67,46) (64,54) (67,67) (73,53) (67,36) (64,66) (63,54) (59,48) (44,29) (79,48) (40,62) (18,54) (44,44) (36,63) (63,30) (23,32) (60,65) (35,63) (46,52) (43,49) (82,57) (36,69) (21,66) (46,36) (41,28) (25,35) (26,62) (47,54) (68,28) (27,34) (49,31) (52,42) (39,63) (59,49) (33,49) (81,50) (21,61)

Sample 24
Class: D
Image size: 105x105
Number of points: 80
Points:
(50,17) (57,23) (69,57) (64,47) (69,47) (37,57) (70,19) (49,23) (67,68) (36,47) (37,51) (59,44) (43,40) (54,39) (37,23) (47,17) (77,25) (38,64) (41,66) (69,49) (65,76) (39,23) (61,39) (60,39) (43,57) (64,31) (47,40) (38,63) (69,27) (41,23) (48,23) (68,19) (37,58) (64,25) (74,20) (62,44) (55,45) (65,18) (66,73) (67,71) (49,40) (36,41) (59,23) (71,25) (64,46) (42,65) (69,33) (50,23) (63,37) (42,63) (43,46) (66,74) (42,47) (37,60) (62,74) (45,23) (69,43) (63,61) (68,67) (69,52) (63,52) (43,23) (61,44) (69,59) (40,66) (54,45) (44,23) (75,25) (63,55) (63,64) (60,18) (42,23) (34,42) (63,23) (61,23) (34,45) (63,34) (46,40) (71,19) (55,39)

Sample 25
Class: A
Image size: 105x105
Number of points: 80
Points:
(25,33) (92,66) (51,62) (64,39) (19,30) (87,66) (83,41) (70,66) (84,61) (14,27) (53,59) (48,67) (89,30) (94,64) (40,64) (76,30) (22,31) (76,68) (86,66) (94,65) (75,44) (80,62) (77,24) (70,24) (62,26) (79,24) (76,63) (79,38) (82,67) (27,34) (61,63) (42,52) (83,66) (40,67) (71,24) (38,59) (88,66) (91,61) (77,40) (77,41) (64,57) (29,37) (45,71) (63,50) (56,41) (49,55) (85,25) (71,71) (66,25) (78,30) (42,54) (36,52) (43,56) (65,33) (33,45) (40,66) (71,30) (76,42) (38,43) (54,45) (36,50) (21,30) (63,47) (59,60) (79,62) (27,28) (81,36) (48,56) (58,29) (87,38) (37,55) (35,37) (70,30) (26,27) (9,25) (75,48) (71,66) (51,52) (58,37) (79,30)

Sample 26
Class: B
Image size: 105x105
Number of points: 80
Points:
(23,46) (48,65) (18,45) (35,35) (38,33) (21,58) (55,59) (38,55) (49,44) (63,57) (44,9) (51,25) (69,51) (59,58) (33,55) (20,39) (22,37) (53,66) (44,48) (39,16) (45,16) (44,42) (62,57) (48,70) (57,84) (57,89) (39,55) (64,42) (32,61) (38,6) (56,27) (26,54) (51,31) (69,40) (50,49) (60,52) (45,15) (50,52) (40,17) (47,63) (45,61) (48,35) (23,49) (41,61) (69,42) (46,22) (23,51) (29,55) (39,61) (24,42) (50,77) (55,91) (54,73) (34,29) (31,31) (52,26) (23,50) (23,47) (43,61) (29,32) (59,35) (54,71) (61,58) (22,58) (39,14) (44,13) (53,31) (64,46) (45,55) (57,59) (32,55) (55,32) (54,72) (54,31) (49,74) (49,45) (40,33) (49,75) (69,43) (48,69)

Sample 27
Class: C
Image size: 105x105
Number of points: 80
Points:
(54,51) (60,57) (61,57) (49,59) (56,57) (49,63) (61,47) (52,57) (48,27) (62,51) (64,50) (49,39) (69,52) (63,47) (48,28) (49,68) (51,47) (44,46) (43,32) (53,57) (61,41) (49,58) (45,52) (55,41) (46,47) (49,29) (49,66) (65,42) (44,68) (68,55) (64,48) (44,53) (56,41) (53,52) (44,43) (58,57) (48,47) (47,52) (49,65) (67,56) (69,46) (44,55) (69,53) (49,67) (61,51) (43,29) (58,51) (43,34) (50,47) (49,38) (56,47) (59,41) (44,67) (45,47) (43,64) (49,61) (58,41) (49,36) (48,69) (52,47) (43,62) (54,47) (63,41) (47,71) (60,51) (55,51) (64,49) (56,51) (51,41) (54,57) (50,57) (49,37) (43,41) (53,41) (51,57) (46,71) (43,59) (46,52) (54,41) (63,57)

Sample 28
Class: D
Image size: 105x105
Number of points: 80
Points:
(82,59) (67,39) (49,59) (48,41) (79,65) (47,36) (73,37) (55,24) (45,67) (69,77) (65,64) (74,45) (76,49) (46,41) (38,25) (74,37) (50,19) (81,19) (47,41) (56,55) (61,74) (51,34) (54,30) (73,28) (45,64) (45,36) (45,66) (46,36) (34,25) (79,22) (76,69) (70,67) (61,32) (63,32) (54,19) (67,75) (57,63) (57,31) (53,73) (58,32) (55,19) (32,22) (47,53) (55,40) (60,58) (71,77) (69,18) (45,65) (44,25) (77,52) (60,74) (82,58) (44,59) (59,74) (68,28) (76,39) (40,37) (56,74) (59,19) (38,20) (48,32) (75,63) (48,19) (63,25) (49,53) (68,25) (47,19) (82,49) (54,60) (74,26) (71,18) (57,39) (66,66) (74,68) (78,22) (69,40) (39,37) (83,56) (73,73) (80,62)

Sample 29
Class: A
Image size: 105x105
Number of points: 80
Points:
(39,74) (37,37) (42,77) (41,67) (74,52) (35,43) (65,34) (46,59) (71,40) (57,66) (32,51) (65,42) (48,22) (72,59) (40,55) (46,83) (65,41) (44,63) (48,65) (73,58) (33,32) (72,43) (65,59) (55,27) (62,32) (40,30) (68,47) (64,40) (47,84) (32,36) (43,21) (67,36) (42,78) (57,35) (46,46) (64,60) (49,84) (31,41) (36,39) (30,55) (57,60) (38,54) (44,21) (37,70) (41,76) (36,42) (49,60) (37,69) (37,26) (47,59) (41,29) (48,47) (63,39) (33,31) (32,44) (39,60) (69,50) (52,60) (41,61) (70,39) (48,60) (63,65) (30,58) (69,38) (50,42) (74,56) (56,34) (33,64) (34,30) (44,72) (60,30) (68,46) (63,60) (41,56) (44,80) (46,44) (51,60) (30,53) (49,47) (71,60)

Sample 30
Class: B
Image size: 105x105
Number of points: 80
Points:
(31,45) (30,66) (36,33) (24,61) (58,65) (50,55) (27,73) (58,67) (44,22) (25,51) (26,46) (30,51) (51,62) (49,40) (43,22) (66,76) (50,53) (45,24) (36,21) (54,70) (50,52) (64,75) (56,49) (37,30) (24,54) (56,51) (33,27) (33,28) (34,38) (25,72) (56,50) (55,45) (51,24) (69,80) (47,30) (30,63) (56,54) (55,48) (41,23) (25,50) (62,79) (30,69) (49,20) (50,46) (51,25) (30,50) (26,44) (58,77) (59,78) (60,70) (30,53) (25,47) (51,60) (29,37) (57,63) (46,16) (55,42) (54,33) (41,16) (24,65) (37,31) (50,54) (42,22) (37,19) (50,44) (49,39) (30,62) (50,21) (25,52) (68,77) (35,22) (50,47) (47,17) (54,35) (50,43) (32,29) (33,26) (51,58) (56,58) (31,44)

Sample 31
Class: C
Image size: 105x105
Number of points: 80
Points:
(42,45) (33,72) (44,45) (36,46) (32,69) (43,45) (37,72) (73,30) (33,62) (45,61) (38,69) (56,51) (60,33) (43,61) (57,68) (73,42) (67,32) (54,36) (61,50) (47,45) (39,50) (75,32) (56,63) (41,39) (60,26) (39,66) (65,26) (40,40) (65,46) (58,61) (54,63) (61,51) (63,45) (56,50) (34,74) (42,39) (47,39) (61,46) (36,42) (70,34) (60,39) (76,36) (55,63) (65,32) (57,27) (38,70) (62,45) (39,60) (64,26) (45,39) (75,37) (55,29) (62,32) (57,58) (33,65) (37,73) (62,58) (48,67) (68,27) (46,39) (67,27) (49,45) (70,45) (43,39) (32,70) (70,38) (70,27) (69,33) (60,48) (38,40) (47,61) (62,55) (65,40) (35,61) (51,62) (66,40) (44,39) (61,40) (75,33) (37,50)

Sample 32
Class: D
Image size: 105x105
Number of points: 80
Points:
(48,29) (40,46) (64,35) (54,34) (72,17) (66,56) (56,57) (65,71) (77,23) (50,63) (44,66) (79,49) (65,56) (72,50) (65,17) (48,40) (56,65) (70,65) (70,40) (82,54) (41,38) (50,69) (40,47) (40,45) (57,23) (64,40) (68,24) (40,56) (61,50) (74,31) (74,29) (55,70) (54,23) (56,50) (70,17) (68,56) (78,55) (49,23) (40,41) (41,32) (40,33) (42,27) (44,39) (58,65) (36,18) (49,50) (61,40) (82,18) (81,55) (59,71) (48,25) (67,17) (51,34) (68,40) (71,65) (40,59) (51,58) (61,17) (78,17) (42,25) (54,57) (67,56) (74,28) (64,50) (68,27) (45,39) (66,35) (48,17) (42,28) (68,71) (34,23) (53,70) (40,42) (68,31) (63,56) (42,38) (68,34) (69,40) (57,50) (80,55)

Sample 33
Class: A
Image size: 105x105
Number of points: 80
Points:
(27,57) (31,54) (47,50) (40,57) (64,74) (67,70) (52,66) (36,34) (69,66) (44,54) (64,45) (72,57) (34,54) (52,60) (30,30) (46,47) (44,38) (46,25) (71,60) (22,53) (43,39) (64,44) (37,55) (29,48) (42,58) (41,49) (60,71) (55,82) (67,55) (35,50) (68,68) (61,69) (69,65) (35,41) (24,57) (56,37) (53,82) (34,43) (52,81) (40,31) (53,77) (40,29) (48,32) (40,30) (43,23) (44,37) (37,48) (26,32) (33,39) (40,24) (38,47) (65,72) (52,65) (29,58) (49,68) (62,68) (52,79) (45,60) (40,25) (60,78) (42,51) (52,80) (32,52) (59,72) (52,62) (43,42) (52,34) (26,34) (65,38) (27,49) (33,44) (61,77) (25,50) (25,57) (23,51) (44,59) (26,33) (72,59) (36,49) (72,47)

Sample 34
Class: B
Image size: 105x105
Number of points: 80
Points:
(23,51) (40,32) (44,19) (40,35) (19,60) (13,58) (67,57) (43,73) (44,25) (43,13) (54,42) (45,32) (44,79) (13,64) (65,53) (45,35) (39,22) (39,46) (30,46) (53,85) (58,48) (38,17) (49,69) (38,21) (66,54) (44,78) (20,41) (49,66) (65,48) (59,49) (60,53) (44,15) (40,34) (43,70) (49,62) (19,42) (52,84) (41,38) (60,50) (45,29) (62,57) (12,61) (15,56) (49,68) (64,45) (49,77) (37,41) (51,87) (49,74) (29,40) (65,49) (49,61) (43,72) (64,44) (48,54) (45,83) (51,42) (19,44) (47,86) (21,57) (39,29) (43,59) (16,55) (48,56) (44,21) (64,47) (43,57) (55,42) (38,18) (39,24) (33,46) (27,40) (49,75) (45,84) (42,51) (43,58) (65,51) (17,51) (43,67) (50,42)

Sample 35
Class: C
Image size: 105x105
Number of points: 80
Points:
(43,29) (47,63) (52,42) (51,53) (33,55) (58,39) (53,47) (40,59) (59,49) (46,53) (48,37) (54,64) (36,60) (42,64) (53,50) (53,32) (48,62) (43,43) (58,41) (33,31) (49,68) (51,42) (32,36) (50,68) (42,70) (32,65) (53,51) (49,43) (59,47) (40,34) (42,33) (36,29) (46,43) (49,53) (35,69) (41,70) (39,34) (47,34) (32,33) (38,69) (39,69) (50,53) (41,59) (55,61) (31,58) (40,53) (37,63) (41,29) (55,62) (59,46) (45,69) (40,64) (54,43) (59,50) (38,29) (42,43) (41,53) (44,64) (32,66) (35,41) (46,58) (32,37) (37,69) (57,58) (32,35) (53,65) (45,43) (45,58) (58,55) (48,35) (50,30) (38,59) (47,38) (31,59) (45,38) (55,35) (34,41) (59,51) (45,29) (41,37)

Sample 36
Class: D
Image size: 105x105
Number of points: 80
Points:
(63,41) (44,41) (55,68) (70,75) (69,31) (43,64) (85,25) (52,27) (30,43) (42,20) (32,50) (39,47) (57,48) (37,47) (38,61) (40,47) (35,59) (68,42) (33,47) (69,32) (37,67) (67,45) (76,28) (26,51) (27,47) (59,42) (39,68) (61,74) (42,41) (35,47) (55,48) (53,42) (26,50) (64,47) (42,26) (56,73) (69,75) (49,71) (78,28) (50,72) (50,21) (34,65) (63,35) (37,61) (71,22) (27,54) (57,68) (54,27) (41,41) (68,41) (83,27) (33,57) (56,48) (73,22) (31,63) (72,75) (65,74) (26,52) (70,70) (42,69) (32,56) (48,71) (54,22) (62,47) (71,70) (79,22) (39,26) (45,41) (50,47) (71,28) (58,22) (32,51) (38,47) (44,20) (36,24) (33,42) (63,38) (60,69) (64,69) (74,72)

Sample 37
Class: A
Image size: 105x105
Number of points: 80
Points:
(69,67) (32,79) (64,66) (68,30) (59,54) (59,45) (65,47) (40,56) (56,89) (65,77) (22,69) (39,79) (22,60) (64,27) (65,41) (22,20) (38,58) (45,24) (11,37) (65,50) (35,24) (77,24) (44,84) (74,26) (51,42) (14,38) (59,41) (65,55) (51,91) (39,30) (33,61) (60,57) (41,24) (59,53) (43,83) (33,80) (41,55) (60,38) (47,23) (47,37) (50,21) (63,81) (76,24) (79,19) (61,74) (56,24) (59,77) (72,28) (52,85) (53,32) (20,61) (34,29) (62,64) (31,28) (46,40) (21,65) (45,52) (33,56) (54,31) (59,49) (69,72) (46,29) (47,29) (22,74) (60,75) (36,53) (48,48) (51,20) (38,85) (29,71) (15,30) (34,55) (24,69) (59,52) (59,47) (27,17) (34,81) (43,30) (52,35) (49,86)

Sample 38
Class: B
Image size: 105x105
Number of points: 80
Points:
(40,30) (34,85) (37,35) (34,80) (43,43) (38,58) (40,53) (36,44) (35,70) (30,37) (33,48) (35,74) (34,79) (50,88) (46,51) (44,85) (37,61) (48,85) (42,61) (42,85) (40,90) (38,56) (44,56) (41,90) (40,43) (48,49) (43,85) (32,33) (35,39) (36,89) (36,37) (28,47) (47,50) (50,86) (42,43) (37,59) (34,40) (40,76) (50,89) (36,65) (29,40) (42,60) (41,65) (49,90) (41,73) (47,85) (34,43) (38,90) (35,49) (34,81) (40,79) (34,87) (35,69) (40,51) (38,25) (41,66) (41,43) (35,72) (35,24) (48,47) (33,31) (38,34) (42,63) (35,44) (48,48) (30,48) (47,90) (29,48) (38,44) (39,55) (41,71) (44,44) (49,85) (47,44) (36,66) (35,89) (40,27) (34,49) (33,25) (37,60)

Sample 39
Class: C
Image size: 105x105
Number of points: 80
Points:
(37,42) (31,46) (43,30) (50,45) (46,42) (44,64) (30,46) (57,38) (44,54) (38,68) (38,59) (38,66) (38,61) (46,35) (56,35) (36,45) (44,65) (30,50) (38,65) (45,30) (38,52) (58,41) (35,51) (44,35) (58,43) (33,46) (40,74) (43,53) (57,44) (29,49) (54,33) (44,69) (37,51) (49,31) (46,50) (50,50) (35,36) (44,63) (44,57) (31,50) (32,46) (56,48) (36,39) (38,70) (43,49) (35,46) (57,46) (52,41) (34,33) (43,52) (51,31) (47,50) (44,56) (51,50) (53,50) (38,56) (42,30) (57,45) (38,54) (44,67) (56,36) (44,62) (38,58) (44,61) (44,38) (38,53) (43,37) (55,49) (39,72) (49,36) (48,44) (42,48) (47,30) (38,64) (36,41) (49,50) (43,50) (50,31) (29,47) (43,36)

Sample 40
Class: D
Image size: 105x105
Number of points: 80
Points:
(67,31) (42,53) (52,45) (49,62) (53,73) (65,31) (60,46) (44,65) (42,60) (48,69) (58,25) (67,52) (77,62) (47,68) (42,61) (62,25) (53,39) (57,45) (77,59) (64,31) (47,56) (63,69) (75,67) (63,34) (46,42) (44,45) (76,31) (43,49) (39,25) (66,67) (72,61) (45,66) (77,58) (52,73) (56,69) (63,42) (54,74) (69,54) (71,56) (57,33) (53,66) (55,25) (67,73) (50,46) (57,38) (41,31) (49,40) (77,64) (40,31) (65,74) (54,31) (75,31) (58,74) (62,74) (79,31) (50,47) (71,48) (72,25) (43,48) (71,70) (64,74) (80,31) (70,55) (77,60) (51,25) (50,25) (64,25) (42,52) (65,68) (43,25) (70,25) (77,26) (52,40) (72,69) (60,69) (68,66) (38,30) (42,56) (77,63) (68,53)

Sample 41
Class: A
Image size: 105x105
Number of points: 80
Points:
(56,52) (44,37) (40,50) (26,30) (66,57) (41,48) (20,29) (45,59) (26,38) (26,25) (45,62) (25,53) (22,47) (65,66) (20,30) (36,30) (24,16) (42,44) (63,69) (26,28) (20,34) (21,46) (56,74) (55,68) (28,16) (28,56) (47,32) (70,65) (33,27) (41,46) (68,60) (41,29) (37,31) (57,53) (67,58) (46,52) (51,34) (62,60) (26,34) (45,35) (26,27) (62,74) (68,77) (39,68) (60,56) (45,36) (45,64) (44,68) (21,45) (35,29) (26,31) (20,35) (20,33) (64,53) (22,48) (46,50) (26,29) (28,48) (67,76) (29,51) (22,21) (42,43) (40,74) (26,41) (68,61) (30,52) (30,25) (46,47) (46,71) (40,61) (49,31) (56,47) (72,71) (61,74) (29,17) (25,54) (45,61) (41,78) (65,65) (61,58)

Sample 42
Class: B
Image size: 105x105
Number of points: 80
Points:
(28,76) (44,29) (57,67) (18,21) (19,15) (28,20) (13,15) (18,41) (16,35) (19,19) (42,19) (26,58) (22,72) (18,44) (28,71) (50,60) (50,61) (54,58) (18,22) (59,75) (60,75) (13,27) (18,43) (19,47) (44,21) (55,72) (46,33) (25,27) (24,49) (49,57) (27,20) (27,63) (18,38) (41,19) (53,38) (24,22) (22,63) (36,24) (51,65) (40,19) (50,29) (38,24) (18,14) (47,25) (14,14) (24,28) (61,70) (54,51) (22,74) (28,73) (47,40) (50,28) (20,55) (13,25) (53,41) (37,24) (35,18) (24,50) (27,62) (24,42) (28,74) (18,20) (26,21) (56,65) (48,53) (22,71) (23,82) (49,54) (42,27) (18,40) (21,24) (25,83) (47,36) (28,72) (16,12) (30,19) (31,19) (20,54) (49,56) (41,26)

Sample 43
Class: C
Image size: 105x105
Number of points: 80
Points:
(42,53) (31,37) (51,74) (38,67) (52,55) (32,61) (32,58) (32,67) (56,60) (42,59) (31,42) (45,76) (38,64) (37,47) (54,71) (31,39) (41,78) (37,78) (42,72) (31,38) (32,66) (31,41) (37,70) (45,59) (38,60) (38,61) (37,43) (48,69) (34,33) (32,64) (32,54) (47,59) (56,59) (55,57) (32,56) (44,53) (48,59) (35,78) (32,65) (38,65) (32,45) (56,63) (37,69) (43,77) (56,64) (56,65) (32,48) (42,77) (32,33) (48,54) (31,34) (32,47) (55,69) (41,53) (44,77) (51,62) (33,33) (39,53) (49,68) (53,72) (51,61) (45,53) (41,72) (52,73) (32,52) (33,76) (37,45) (40,59) (46,76) (49,54) (45,71) (31,36) (36,41) (32,50) (39,78) (31,35) (56,67) (39,59) (38,68) (43,71)

Sample 44
Class: D
Image size: 105x105
Number of points: 80
Points:
(32,56) (72,24) (46,64) (77,24) (41,59) (46,29) (64,50) (69,23) (68,64) (68,63) (62,23) (33,54) (44,29) (70,35) (70,42) (70,38) (70,43) (54,44) (33,44) (64,55) (39,40) (40,35) (41,31) (47,29) (48,64) (27,26) (57,29) (82,25) (62,29) (56,55) (69,56) (63,43) (69,51) (83,28) (30,61) (50,48) (35,32) (60,43) (63,56) (39,39) (75,24) (58,29) (58,43) (63,65) (51,23) (35,33) (53,29) (40,37) (37,48) (69,50) (45,59) (56,23) (56,43) (74,29) (46,23) (64,51) (34,63) (54,62) (56,56) (80,25) (49,29) (31,29) (37,23) (70,33) (70,30) (50,51) (50,49) (47,64) (49,64) (64,38) (42,23) (64,23) (27,55) (43,29) (76,24) (32,45) (52,23) (71,29) (38,64) (27,54)

Sample 45
Class: A
Image size: 105x105
Number of points: 80
Points:
(47,53) (69,65) (43,20) (40,53) (70,56) (41,38) (70,52) (68,41) (70,39) (36,47) (70,47) (54,59) (43,35) (51,20) (30,44) (42,48) (74,65) (76,54) (62,75) (64,63) (41,24) (47,27) (41,53) (30,34) (70,55) (46,40) (68,69) (75,44) (70,73) (48,17) (28,53) (58,64) (24,52) (66,66) (76,49) (43,53) (34,47) (41,39) (50,19) (70,49) (31,42) (52,23) (63,62) (61,70) (42,43) (48,36) (37,29) (70,44) (75,43) (23,47) (61,71) (47,23) (27,39) (44,43) (50,49) (37,20) (55,52) (44,34) (71,39) (59,65) (62,73) (70,48) (47,38) (75,64) (42,21) (32,28) (38,18) (58,63) (41,15) (70,50) (68,40) (30,33) (76,51) (22,50) (35,24) (49,18) (35,35) (46,30) (31,53) (52,25)

Sample 46
Class: B
Image size: 105x105
Number of points: 80
Points:
(28,56) (56,80) (42,78) (87,57) (60,73) (75,33) (88,52) (88,49) (82,51) (85,36) (54,38) (43,84) (60,61) (37,76) (81,65) (38,77) (35,51) (61,39) (64,80) (78,70) (51,80) (65,75) (66,54) (40,43) (59,78) (84,73) (60,56) (59,50) (44,84) (48,80) (35,49) (84,35) (80,39) (42,84) (63,25) (55,80) (85,71) (66,57) (28,71) (73,27) (44,40) (69,74) (60,75) (33,43) (86,70) (45,34) (66,66) (60,37) (60,52) (49,85) (70,31) (57,44) (82,53) (60,51) (47,39) (82,75) (73,32) (33,79) (82,52) (33,62) (59,26) (82,46) (41,42) (58,45) (50,80) (65,31) (28,54) (31,46) (47,34) (38,83) (78,29) (28,57) (66,61) (87,59) (60,59) (33,66) (33,70) (33,56) (27,65) (34,72)

Sample 47
Class: C
Image size: 105x105
Number of points: 80
Points:
(43,50) (33,45) (56,73) (49,36) (39,32) (36,58) (49,31) (40,61) (35,54) (64,37) (32,64) (33,46) (35,68) (65,44) (50,36) (62,78) (33,37) (55,63) (33,77) (59,31) (48,72) (38,45) (50,72) (38,44) (63,33) (44,37) (55,62) (58,48) (46,47) (37,72) (58,78) (60,54) (49,56) (51,58) (39,51) (42,37) (37,33) (60,70) (63,78) (37,77) (65,43) (37,66) (52,30) (46,72) (56,36) (32,76) (38,48) (57,31) (58,57) (53,36) (29,76) (33,39) (59,59) (25,71) (28,76) (36,77) (64,36) (60,78) (65,69) (64,46) (58,67) (27,69) (33,47) (60,72) (61,32) (59,54) (53,72) (26,75) (45,55) (64,35) (59,43) (55,36) (38,64) (59,78) (39,72) (52,50) (49,78) (42,72) (56,78) (30,76)

Sample 48
Class: D
Image size: 105x105
Number of points: 80
Points:
(55,69) (62,30) (44,56) (51,38) (54,19) (29,48) (31,19) (38,59) (60,68) (52,60) (55,81) (71,24) (77,23) (39,54) (35,25) (32,25) (62,27) (52,25) (53,24) (35,19) (54,51) (27,53) (57,26) (56,83) (60,74) (62,33) (54,40) (48,19) (75,19) (30,47) (61,64) (37,48) (61,63) (37,41) (40,36) (55,60) (32,55) (64,18) (55,82) (60,72) (61,60) (27,51) (79,22) (54,50) (72,24) (60,67) (54,73) (60,71) (29,20) (25,21) (60,66) (47,37) (49,61) (51,42) (27,50) (56,34) (55,46) (49,56) (54,78) (33,56) (33,19) (28,49) (69,24) (59,80) (61,48) (43,42) (41,31) (39,19) (40,35) (32,45) (68,18) (46,42) (53,38) (54,39) (57,36) (34,57) (28,20) (62,29) (64,24) (28,54)

Sample 49
Class: A
Image size: 105x105
Number of points: 80
Points:
(75,44) (62,41) (42,89) (43,54) (74,76) (34,82) (73,30) (79,36) (47,57) (34,39) (79,52) (59,89) (59,65) (51,90) (35,68) (80,48) (68,26) (68,67) (30,35) (72,27) (55,44) (37,86) (41,67) (49,52) (36,34) (70,68) (65,72) (75,21) (73,35) (26,37) (79,37) (72,26) (32,40) (76,22) (39,61) (71,25) (64,47) (70,84) (74,37) (80,41) (52,48) (37,63) (35,67) (70,51) (73,80) (62,33) (50,84) (64,22) (60,39) (66,48) (36,66) (69,75) (47,58) (28,36) (42,65) (68,74) (59,71) (74,46) (62,46) (32,35) (80,40) (63,89) (54,84) (78,30) (28,42) (51,50) (66,72) (35,39) (39,39) (41,82) (41,39) (48,84) (74,38) (72,82) (43,53) (67,67) (75,19) (55,90) (51,84) (69,17)

Sample 50
Class: B
Image size: 105x105
Number of points: 80
Points:
(69,65) (30,22) (27,27) (64,73) (48,11) (71,33) (32,37) (47,74) (26,44) (26,40) (28,59) (27,53) (73,49) (76,63) (76,32) (70,64) (72,43) (56,68) (37,75) (79,55) (51,73) (68,18) (47,11) (37,68) (78,52) (43,70) (61,73) (26,41) (26,43) (43,19) (68,66) (51,16) (26,48) (32,40) (41,76) (72,46) (32,38) (27,29) (29,24) (54,68) (77,35) (37,16) (73,56) (78,45) (71,22) (60,11) (51,67) (77,42) (26,38) (73,58) (79,56) (73,54) (43,13) (49,73) (50,72) (32,29) (78,48) (32,33) (63,68) (40,76) (75,65) (78,50) (74,67) (32,43) (74,26) (41,70) (27,28) (72,42) (44,18) (35,65) (64,21) (42,70) (32,28) (78,47) (59,17) (32,50) (32,44) (78,58) (32,47) (73,52)

Sample 51
Class: C
Image size: 105x105
Number of points: 80
Points:
(68,44) (38,67) (46,46) (30,60) (44,36) (67,60) (52,31) (40,70) (37,67) (36,67) (55,69) (31,33) (73,60) (33,40) (50,62) (50,36) (40,79) (46,54) (53,63) (69,46) (17,57) (19,38) (44,37) (49,40) (22,51) (69,56) (31,66) (74,59) (54,37) (74,47) (44,39) (22,34) (21,62) (16,50) (61,69) (33,39) (69,47) (24,32) (32,27) (43,59) (74,45) (23,41) (60,38) (34,67) (44,38) (22,62) (63,34) (20,37) (52,69) (69,58) (26,58) (23,56) (32,61) (47,54) (46,29) (55,63) (42,54) (37,27) (69,48) (18,40) (29,28) (39,78) (58,69) (67,43) (65,41) (45,80) (69,51) (43,47) (42,35) (65,62) (39,68) (40,47) (59,38) (57,32) (49,30) (44,46) (68,59) (41,63) (65,68) (43,63)

Sample 52
Class: D
Image size: 105x105
Number of points: 80
Points:
(44,46) (68,54) (56,25) (41,47) (71,61) (32,49) (61,26) (39,26) (64,50) (37,20) (52,27) (79,26) (55,25) (73,26) (39,20) (41,74) (72,63) (41,26) (84,24) (70,49) (42,80) (47,20) (50,50) (39,79) (53,34) (36,67) (68,77) (52,20) (34,75) (67,80) (81,21) (43,80) (38,20) (84,22) (37,52) (75,55) (52,50) (31,69) (47,34) (71,59) (33,26) (70,26) (78,77) (32,20) (36,44) (73,52) (79,20) (76,80) (73,65) (53,38) (47,77) (35,76) (81,25) (66,52) (27,21) (35,64) (78,76) (24,23) (45,40) (25,22) (80,21) (72,62) (66,26) (36,76) (67,26) (53,36) (78,65) (68,26) (37,51) (53,42) (37,26) (48,20) (71,26) (71,60) (35,46) (52,29) (29,20) (34,20) (71,81) (73,20)

Sample 53
Class: A
Image size: 105x105
Number of points: 80
Points:
(34,24) (35,67) (49,74) (61,58) (48,26) (40,23) (30,60) (79,22) (63,79) (20,24) (88,34) (68,71) (81,32) (60,55) (61,38) (79,35) (61,56) (78,20) (25,28) (30,20) (83,37) (87,43) (68,74) (84,39) (65,51) (64,83) (43,24) (73,23) (47,20) (38,18) (73,25) (68,73) (54,72) (17,28) (57,41) (80,43) (78,52) (59,70) (88,35) (68,81) (53,23) (88,44) (62,42) (84,28) (42,24) (59,48) (79,47) (61,36) (58,46) (62,75) (26,57) (73,50) (55,72) (74,27) (41,24) (45,25) (40,76) (68,79) (73,21) (26,27) (22,24) (59,50) (30,69) (66,57) (68,66) (33,75) (74,28) (37,70) (63,45) (42,70) (42,19) (45,75) (63,80) (44,25) (75,57) (65,49) (60,53) (25,22) (61,35) (32,73)

Sample 54
Class: B
Image size: 105x105
Number of points: 80
Points:
(33,57) (52,19) (50,81) (47,48) (43,58) (55,80) (28,81) (21,32) (53,69) (47,51) (22,76) (54,58) (53,63) (22,39) (24,85) (53,26) (48,19) (22,40) (22,79) (49,74) (55,77) (22,41) (47,29) (28,77) (55,57) (53,50) (39,58) (43,52) (26,26) (28,79) (53,84) (53,62) (22,66) (22,50) (21,30) (28,73) (28,71) (54,71) (26,31) (28,78) (48,71) (34,57) (22,35) (22,78) (47,21) (22,33) (28,67) (47,24) (49,17) (47,31) (22,57) (50,79) (26,85) (28,46) (54,72) (44,58) (22,61) (49,72) (25,85) (22,75) (28,72) (47,34) (27,32) (28,48) (50,17) (53,59) (22,54) (52,84) (28,62) (47,33) (53,25) (49,77) (53,37) (53,66) (31,52) (22,45) (22,44) (27,35) (53,64) (47,47)

Sample 55
Class: C
Image size: 105x105
Number of points: 80
Points:
(30,66) (49,41) (35,53) (41,36) (57,60) (22,31) (68,37) (30,65) (26,69) (47,38) (54,67) (72,27) (48,72) (28,31) (43,73) (24,63) (40,67) (26,70) (35,41) (33,41) (22,38) (22,36) (30,57) (26,52) (56,56) (30,61) (26,46) (31,47) (51,58) (37,53) (65,47) (49,65) (74,38) (51,60) (27,71) (68,47) (40,73) (27,50) (63,41) (54,41) (59,41) (63,47) (38,53) (41,38) (36,41) (54,68) (37,73) (45,52) (22,37) (42,53) (38,67) (24,61) (50,72) (61,47) (57,61) (43,28) (31,72) (28,36) (27,29) (51,56) (47,39) (69,31) (73,31) (56,46) (74,40) (27,46) (41,32) (66,47) (56,41) (73,29) (48,53) (74,35) (66,41) (51,57) (23,44) (52,70) (62,47) (42,73) (55,41) (30,64)

Sample 56
Class: D
Image size: 105x105
Number of points: 80
Points:
(59,41) (68,59) (63,77) (65,37) (59,37) (35,50) (34,66) (39,35) (61,26) (59,36) (65,34) (64,69) (60,30) (30,61) (40,25) (69,62) (35,48) (68,79) (59,46) (35,31) (40,33) (36,45) (27,21) (29,55) (38,67) (59,32) (40,32) (29,54) (70,25) (35,51) (51,67) (64,78) (59,58) (40,26) (35,53) (63,72) (65,40) (39,36) (69,70) (30,26) (58,67) (34,33) (54,61) (69,76) (69,74) (48,61) (34,27) (35,57) (31,41) (32,40) (68,58) (59,40) (63,73) (43,67) (64,81) (29,21) (78,29) (29,57) (33,66) (59,43) (65,43) (65,53) (37,61) (39,61) (59,45) (69,75) (65,48) (36,22) (69,69) (59,60) (69,67) (49,67) (66,25) (59,50) (39,37) (74,26) (60,27) (34,34) (63,75) (63,74)

Sample 57
Class: A
Image size: 105x105
Number of points: 80
Points:
(62,12) (80,60) (31,24) (49,35) (19,63) (12,61) (79,73) (74,35) (21,64) (52,49) (67,28) (40,35) (10,56) (72,65) (69,69) (34,50) (63,61) (75,24) (33,70) (34,64) (35,32) (69,16) (74,51) (80,66) (85,42) (64,20) (66,26) (25,25) (28,23) (73,33) (79,77) (85,37) (74,56) (80,57) (69,36) (52,38) (48,48) (44,47) (34,51) (43,48) (28,50) (28,42) (68,14) (45,47) (34,63) (25,30) (79,55) (25,61) (24,67) (34,60) (25,24) (70,71) (26,70) (61,58) (65,22) (67,65) (28,45) (57,54) (78,28) (53,40) (79,75) (33,41) (75,59) (87,39) (70,72) (48,50) (77,46) (57,47) (34,62) (63,18) (62,52) (68,32) (27,36) (34,31) (47,47) (73,78) (79,78) (18,56) (81,40) (14,61)

Sample 58
Class: B
Image size: 105x105
Number of points: 80
Points:
(25,29) (42,47) (24,55) (42,78) (29,80) (47,83) (27,70) (36,78) (31,61) (23,52) (51,34) (36,83) (34,83) (32,13) (44,45) (38,78) (22,46) (20,20) (33,19) (29,14) (31,13) (43,46) (44,84) (20,36) (22,45) (36,45) (42,17) (45,30) (25,24) (26,64) (26,63) (25,61) (20,33) (41,24) (26,37) (40,84) (28,77) (39,43) (31,82) (25,21) (47,22) (19,25) (40,49) (28,75) (19,27) (25,23) (31,19) (39,22) (24,54) (32,70) (34,46) (37,14) (31,64) (29,79) (42,40) (38,84) (39,84) (40,16) (45,29) (33,72) (22,16) (33,74) (27,19) (40,23) (40,78) (29,47) (21,42) (20,32) (51,33) (34,19) (26,67) (32,52) (19,26) (31,65) (19,29) (23,50) (32,66) (28,74) (25,31) (31,63)

Sample 59
Class: C
Image size: 105x105
Number of points: 80
Points:
(31,69) (46,61) (46,59) (45,46) (38,75) (39,75) (46,64) (28,60) (53,68) (69,47) (48,33) (22,60) (46,54) (28,52) (57,68) (75,56) (22,64) (69,44) (52,61) (72,69) (37,69) (29,69) (76,63) (70,70) (31,75) (51,42) (28,48) (28,40) (28,57) (28,45) (47,74) (22,50) (70,55) (74,39) (69,39) (72,34) (62,72) (73,35) (46,75) (45,75) (46,67) (46,51) (45,36) (52,55) (50,74) (48,74) (42,69) (22,46) (52,64) (52,66) (46,52) (22,58) (38,69) (23,72) (64,72) (22,41) (67,66) (60,72) (26,34) (69,53) (46,47) (53,73) (75,46) (51,48) (69,45) (23,70) (70,36) (22,52) (22,53) (70,38) (75,55) (76,64) (28,53) (74,36) (75,50) (55,73) (28,66) (41,69) (33,69) (28,37)

Sample 60
Class: D
Image size: 105x105
Number of points: 80
Points:
(70,22) (39,42) (29,27) (38,65) (50,75) (48,38) (50,37) (44,70) (55,67) (34,70) (38,29) (63,45) (70,45) (70,44) (48,70) (48,23) (67,64) (36,36) (62,33) (35,48) (40,44) (61,43) (62,61) (71,59) (57,72) (53,22) (69,62) (52,28) (42,50) (33,29) (42,34) (60,64) (46,76) (52,38) (50,33) (57,28) (63,30) (70,28) (60,44) (56,72) (31,28) (71,48) (52,42) (76,27) (64,59) (49,33) (59,70) (72,28) (50,48) (61,22) (40,35) (72,22) (46,28) (41,70) (60,70) (49,28) (48,75) (38,64) (56,28) (37,23) (34,29) (34,37) (41,29) (58,71) (51,69) (43,76) (59,22) (54,38) (75,23) (52,33) (67,51) (36,73) (66,57) (36,29) (54,33) (35,72) (54,28) (46,70) (63,29) (41,75)

Sample 61
Class: A
Image size: 105x105
Number of points: 80
Points:
(56,85) (69,69) (42,47) (76,30) (56,53) (72,65) (30,75) (71,74) (50,21) (43,43) (42,58) (43,60) (38,25) (44,23) (52,16) (78,39) (42,70) (58,69) (53,63) (66,26) (35,76) (48,22) (72,33) (72,67) (35,77) (46,75) (41,18) (76,70) (57,69) (40,24) (46,22) (51,68) (32,25) (52,75) (44,71) (53,15) (49,83) (42,64) (54,63) (42,56) (63,18) (61,70) (79,63) (42,59) (60,53) (70,74) (36,74) (59,22) (56,63) (39,25) (43,46) (78,67) (71,43) (57,21) (58,48) (35,75) (62,71) (43,63) (53,46) (73,36) (55,15) (47,16) (46,74) (41,70) (48,57) (56,84) (45,40) (51,51) (42,54) (43,23) (74,27) (73,63) (55,83) (68,74) (76,45) (68,46) (39,71) (55,63) (51,73) (42,55)

Sample 62
Class: B
Image size: 105x105
Number of points: 80
Points:
(40,71) (17,35) (49,78) (36,44) (36,30) (35,46) (34,64) (40,64) (35,55) (41,28) (41,40) (34,65) (51,81) (43,81) (36,33) (17,37) (34,67) (36,39) (47,82) (27,26) (36,77) (33,25) (18,32) (41,50) (41,27) (28,25) (18,31) (40,58) (41,44) (17,39) (40,63) (35,72) (22,21) (44,76) (36,43) (33,19) (40,24) (41,26) (40,53) (35,49) (20,24) (25,21) (23,34) (36,31) (41,81) (20,23) (29,20) (41,42) (35,75) (34,60) (42,35) (23,21) (36,28) (40,56) (41,49) (34,19) (24,30) (40,59) (44,82) (41,29) (28,20) (42,75) (24,32) (25,28) (34,66) (19,29) (46,77) (22,38) (32,19) (40,66) (31,20) (37,78) (40,73) (34,61) (42,81) (42,38) (19,30) (40,52) (23,36) (43,76)

Sample 63
Class: C
Image size: 105x105
Number of points: 80
Points:
(64,70) (53,25) (48,35) (39,38) (77,71) (43,57) (84,73) (31,76) (73,59) (55,59) (39,57) (59,51) (43,76) (39,51) (78,68) (49,64) (80,75) (50,23) (75,54) (72,48) (76,64) (58,70) (38,40) (62,35) (56,70) (48,57) (30,59) (43,41) (61,70) (75,53) (74,70) (65,52) (78,67) (34,62) (84,74) (39,70) (42,52) (78,58) (26,69) (32,69) (33,76) (46,29) (38,70) (32,54) (42,35) (55,62) (61,76) (56,51) (53,77) (61,51) (66,57) (32,65) (29,60) (63,70) (73,70) (51,24) (31,55) (64,52) (45,57) (46,38) (27,64) (51,77) (35,59) (41,36) (25,72) (39,49) (35,70) (65,57) (35,60) (55,51) (30,75) (77,56) (72,49) (73,50) (47,70) (46,51) (74,51) (41,52) (76,55) (49,51)

Sample 64
Class: D
Image size: 105x105
Number of points: 80
Points:
(67,37) (67,30) (67,42) (55,53) (53,28) (84,25) (35,28) (72,23) (61,66) (37,22) (53,72) (53,23) (55,66) (52,54) (42,51) (64,46) (60,66) (63,29) (46,69) (57,47) (39,57) (67,35) (39,28) (59,23) (50,71) (46,60) (53,66) (66,71) (33,23) (44,67) (67,52) (67,56) (59,29) (72,64) (68,70) (42,65) (38,22) (40,22) (67,32) (46,55) (82,24) (63,51) (73,53) (73,44) (65,29) (56,72) (66,45) (67,39) (61,46) (50,66) (59,52) (49,54) (64,29) (64,66) (67,60) (73,59) (39,54) (67,57) (73,63) (62,29) (41,28) (62,46) (73,38) (60,72) (67,61) (47,55) (77,29) (48,28) (50,28) (51,66) (60,29) (40,60) (42,28) (67,70) (63,71) (58,66) (49,49) (73,42) (56,23) (81,24)

Sample 65
Class: A
Image size: 105x105
Number of points: 80
Points:
(47,66) (73,29) (82,21) (86,32) (45,35) (24,49) (64,63) (38,25) (34,47) (48,71) (55,40) (82,35) (27,42) (44,55) (72,54) (83,82) (59,35) (26,41) (44,16) (22,45) (22,27) (54,41) (55,65) (45,61) (80,31) (50,57) (44,57) (59,64) (34,53) (44,30) (78,75) (39,37) (84,41) (89,39) (52,65) (30,52) (25,50) (83,73) (56,70) (32,47) (25,24) (46,43) (45,62) (45,37) (54,47) (65,63) (66,28) (85,29) (80,63) (81,82) (62,40) (91,45) (79,61) (67,56) (59,44) (44,23) (65,29) (21,41) (68,33) (26,39) (45,39) (61,64) (83,37) (60,69) (26,36) (78,60) (57,64) (22,44) (45,36) (31,47) (40,42) (55,71) (69,58) (40,52) (28,45) (85,30) (38,17) (38,27) (69,69) (26,34)

Sample 66
Class: B
Image size: 105x105
Number of points: 80
Points:
(38,59) (62,46) (66,55) (23,52) (67,71) (50,49) (46,49) (26,45) (38,78) (63,84) (55,44) (41,44) (62,82) (63,47) (51,49) (38,60) (44,91) (24,51) (19,48) (16,71) (38,64) (44,57) (13,59) (17,62) (62,75) (41,93) (30,50) (33,50) (68,82) (44,52) (42,44) (45,44) (38,68) (61,65) (44,78) (67,77) (8,84) (18,61) (67,75) (35,50) (14,53) (11,88) (64,88) (67,76) (8,86) (10,75) (44,83) (44,67) (9,79) (38,57) (64,48) (17,64) (16,69) (15,73) (18,60) (66,63) (33,44) (28,44) (44,82) (38,67) (38,62) (9,78) (32,44) (67,79) (62,78) (44,63) (61,74) (66,62) (60,57) (31,44) (67,69) (14,54) (10,73) (69,85) (15,75) (61,71) (18,59) (65,51) (16,70) (60,56)

Sample 67
Class: C
Image size: 105x105
Number of points: 80
Points:
(60,40) (54,32) (60,48) (45,65) (60,39) (56,53) (38,64) (69,40) (55,41) (41,68) (55,54) (64,40) (46,48) (53,37) (51,32) (51,37) (32,34) (63,41) (62,32) (58,49) (37,65) (52,49) (31,72) (41,52) (33,69) (41,43) (36,31) (34,36) (35,32) (39,70) (37,31) (52,37) (60,32) (38,71) (32,70) (65,33) (64,48) (44,30) (47,39) (57,32) (48,62) (45,30) (46,52) (61,38) (68,43) (59,48) (60,42) (49,52) (67,45) (46,50) (40,31) (54,43) (34,74) (68,35) (39,31) (42,67) (66,46) (41,38) (41,31) (32,74) (55,39) (53,56) (58,32) (46,49) (48,54) (51,58) (41,48) (37,72) (52,48) (43,30) (49,32) (53,46) (68,44) (64,33) (68,37) (61,48) (62,38) (36,66) (54,45) (39,63)

Sample 68
Class: D
Image size: 105x105
Number of points: 80
Points:
(62,32) (38,59) (76,24) (72,63) (61,33) (46,60) (44,50) (74,43) (61,44) (44,29) (50,23) (38,27) (53,38) (50,60) (79,41) (75,46) (55,23) (69,34) (33,27) (59,36) (38,56) (75,44) (37,22) (57,29) (44,40) (37,27) (38,51) (52,37) (34,22) (47,60) (77,28) (39,48) (74,23) (76,37) (78,28) (38,62) (28,24) (75,45) (59,23) (57,46) (76,28) (47,65) (31,26) (39,28) (68,60) (51,36) (48,44) (52,46) (72,56) (70,31) (29,23) (81,48) (58,46) (43,28) (45,38) (49,23) (52,60) (64,41) (50,65) (76,60) (64,31) (45,31) (51,65) (53,46) (38,60) (78,39) (51,29) (64,23) (44,65) (37,58) (72,41) (55,39) (46,47) (69,58) (32,21) (74,62) (39,49) (70,30) (39,22) (39,47)

Sample 69
Class: A
Image size: 105x105
Number of points: 80
Points:
(56,83) (66,67) (65,38) (48,43) (49,78) (48,29) (71,70) (57,62) (29,52) (54,34) (50,62) (69,73) (71,59) (48,83) (58,63) (39,33) (23,67) (57,39) (20,44) (24,55) (44,69) (23,32) (47,31) (49,62) (71,29) (49,27) (27,33) (62,33) (58,25) (72,35) (14,32) (68,58) (55,34) (52,31) (77,63) (65,70) (24,59) (51,62) (23,68) (40,76) (32,65) (35,39) (74,27) (41,49) (26,38) (44,66) (42,78) (15,30) (54,21) (69,36) (44,70) (30,59) (47,30) (29,58) (39,69) (77,28) (47,48) (61,63) (63,79) (45,55) (47,49) (67,76) (54,28) (38,67) (43,39) (52,62) (56,26) (55,78) (43,41) (18,30) (67,37) (47,62) (67,31) (51,78) (42,38) (54,62) (24,52) (31,39) (67,63) (29,68)

Sample 70
Class: B
Image size: 105x105
Number of points: 80
Points:
(35,37) (53,83) (23,69) (48,28) (59,84) (54,61) (48,74) (48,70) (34,28) (50,35) (38,37) (36,83) (29,67) (28,79) (25,59) (51,34) (61,81) (48,72) (25,61) (32,56) (48,57) (48,63) (54,68) (23,71) (32,57) (39,49) (38,84) (61,82) (41,43) (24,64) (47,49) (24,62) (54,73) (29,73) (54,66) (39,17) (34,20) (37,54) (47,17) (29,80) (34,32) (46,54) (42,17) (45,54) (32,45) (38,18) (28,54) (51,83) (56,79) (52,83) (56,84) (43,34) (29,27) (31,21) (54,74) (48,61) (45,32) (29,51) (54,62) (44,49) (30,48) (48,49) (53,26) (24,67) (55,84) (39,44) (53,24) (35,77) (40,36) (37,77) (54,64) (29,25) (52,22) (53,58) (48,60) (48,71) (29,69) (34,30) (38,46) (44,17)

Sample 71
Class: C
Image size: 105x105
Number of points: 80
Points:
(44,69) (67,36) (23,63) (68,83) (57,35) (30,63) (65,84) (30,49) (34,63) (52,81) (31,57) (32,49) (54,36) (75,70) (75,76) (73,81) (48,41) (51,75) (44,62) (25,49) (28,48) (49,63) (49,40) (63,78) (70,71) (30,58) (63,40) (51,81) (69,75) (27,48) (37,48) (66,78) (31,54) (74,78) (39,71) (30,54) (54,57) (52,57) (69,38) (57,58) (50,75) (32,63) (41,41) (39,44) (47,73) (49,74) (71,67) (55,63) (25,54) (31,63) (53,63) (49,33) (42,50) (35,64) (53,76) (24,49) (52,76) (58,35) (47,57) (41,54) (43,68) (33,49) (43,62) (60,30) (52,63) (46,43) (45,77) (61,78) (62,32) (46,63) (18,56) (64,84) (23,56) (23,55) (60,83) (28,58) (67,78) (22,49) (61,31) (70,68)

Sample 72
Class: D
Image size: 105x105
Number of points: 80
Points:
(65,59) (35,67) (33,55) (49,20) (61,37) (55,32) (37,22) (26,38) (38,33) (58,79) (41,71) (49,61) (69,37) (42,21) (32,51) (35,66) (39,15) (37,23) (54,44) (51,66) (45,66) (31,42) (37,28) (43,16) (47,38) (40,65) (37,44) (39,34) (75,43) (38,54) (37,73) (50,26) (38,39) (64,52) (75,59) (79,55) (52,25) (63,32) (30,33) (67,53) (56,50) (61,58) (41,73) (44,17) (39,20) (82,36) (54,55) (75,38) (75,39) (80,52) (81,44) (67,74) (84,31) (81,40) (52,69) (53,41) (59,41) (48,62) (52,38) (87,34) (72,37) (65,80) (43,22) (62,37) (67,80) (47,18) (51,58) (74,37) (87,33) (81,31) (53,40) (40,66) (74,31) (47,25) (59,74) (81,43) (72,54) (35,69) (72,60) (36,70)

Sample 73
Class: A
Image size: 105x105
Number of points: 80
Points:
(75,45) (55,62) (38,47) (45,74) (48,34) (51,63) (75,51) (79,76) (40,53) (47,65) (73,71) (79,31) (37,43) (74,32) (81,74) (76,42) (47,51) (48,70) (50,32) (59,63) (74,33) (68,73) (81,34) (45,52) (65,24) (83,72) (84,70) (45,30) (82,40) (53,20) (48,52) (53,62) (52,62) (77,50) (62,64) (77,81) (62,48) (47,34) (40,41) (71,28) (68,19) (72,77) (47,78) (58,48) (86,76) (75,73) (38,46) (87,75) (45,54) (55,25) (54,67) (45,32) (86,68) (90,66) (66,54) (41,57) (48,68) (48,67) (76,36) (76,41) (47,45) (54,20) (47,62) (57,19) (60,48) (81,44) (81,42) (64,24) (82,39) (51,64) (43,68) (51,52) (47,66) (52,47) (47,61) (51,22) (46,77) (40,55) (76,51) (46,58)

Sample 74
Class: B
Image size: 105x105
Number of points: 80
Points:
(61,77) (64,73) (53,75) (61,69) (34,68) (57,80) (63,18) (62,67) (43,26) (70,58) (36,59) (43,19) (67,43) (39,67) (66,69) (59,52) (42,19) (43,72) (55,52) (34,67) (49,80) (41,21) (73,36) (55,46) (36,57) (60,52) (61,46) (52,46) (31,60) (72,33) (30,55) (56,46) (40,22) (65,30) (36,60) (53,81) (46,24) (33,65) (69,26) (67,35) (48,75) (66,70) (71,29) (58,52) (72,53) (36,48) (65,58) (58,17) (38,35) (31,59) (51,75) (37,38) (40,44) (39,33) (42,28) (36,27) (51,80) (35,51) (67,23) (53,52) (39,66) (72,32) (72,51) (42,71) (30,52) (64,19) (39,34) (39,49) (44,73) (66,31) (34,31) (66,21) (66,54) (63,46) (64,46) (31,58) (53,46) (47,80) (64,27) (41,29)

Sample 75
Class: C
Image size: 105x105
Number of points: 80
Points:
(66,46) (79,33) (18,71) (57,48) (76,34) (63,62) (18,66) (19,66) (31,67) (72,34) (87,69) (87,65) (49,48) (37,47) (76,68) (30,72) (36,64) (55,62) (68,58) (49,62) (82,37) (88,68) (73,34) (53,48) (33,67) (35,52) (17,71) (34,71) (89,67) (31,47) (71,35) (39,45) (33,41) (18,36) (27,72) (56,56) (27,35) (32,41) (25,35) (84,72) (70,68) (15,69) (39,53) (47,54) (80,38) (18,40) (72,58) (45,44) (43,42) (63,73) (38,52) (15,70) (31,72) (69,74) (73,74) (79,68) (68,68) (40,68) (38,44) (56,62) (71,68) (51,57) (40,39) (48,53) (74,53) (55,57) (29,58) (69,36) (27,61) (41,67) (68,36) (70,52) (57,63) (26,41) (20,41) (70,74) (33,52) (40,54) (85,66) (70,58)

Sample 76
Class: D
Image size: 105x105
Number of points: 80
Points:
(55,64) (80,36) (55,21) (60,26) (73,64) (64,23) (50,59) (47,42) (73,52) (67,44) (29,40) (67,64) (73,47) (26,31) (71,71) (73,60) (73,63) (58,60) (81,35) (76,37) (55,42) (46,36) (58,11) (72,28) (55,15) (63,57) (79,36) (56,52) (50,52) (69,18) (29,46) (56,47) (72,70) (27,37) (61,12) (67,36) (41,42) (67,39) (60,21) (73,43) (40,43) (51,62) (68,68) (38,45) (59,12) (72,27) (67,46) (50,51) (56,16) (24,35) (73,45) (56,46) (67,58) (73,57) (59,17) (64,31) (73,58) (79,32) (60,57) (73,65) (37,46) (61,57) (71,20) (69,72) (55,44) (72,69) (64,13) (59,21) (64,32) (29,42) (57,16) (67,49) (67,65) (81,33) (73,50) (34,36) (62,28) (67,16) (46,41) (35,38)

Sample 77
Class: A
Image size: 105x105
Number of points: 80
Points:
(73,52) (76,60) (41,44) (52,38) (43,65) (37,35) (33,28) (79,52) (43,86) (51,20) (40,86) (45,38) (59,25) (33,60) (40,64) (34,18) (82,62) (27,64) (67,32) (36,37) (77,48) (51,79) (45,44) (39,86) (70,45) (58,31) (36,85) (51,26) (27,65) (70,72) (32,30) (47,38) (45,78) (34,20) (36,61) (74,54) (36,77) (42,65) (53,28) (38,16) (46,44) (40,21) (49,74) (27,68) (38,25) (76,46) (76,61) (41,21) (33,27) (41,65) (47,84) (75,71) (32,81) (46,17) (74,66) (48,82) (59,71) (49,38) (69,44) (44,38) (65,37) (32,44) (52,43) (57,65) (50,44) (37,86) (81,59) (67,72) (54,28) (31,43) (37,32) (37,33) (51,43) (38,28) (43,16) (55,70) (65,66) (82,64) (33,66) (33,50)

Sample 78
Class: B
Image size: 105x105
Number of points: 80
Points:
(26,74) (13,61) (40,57) (30,49) (18,58) (38,74) (76,55) (73,51) (37,33) (46,60) (61,61) (46,73) (25,68) (32,28) (25,48) (37,22) (39,68) (29,42) (47,65) (32,29) (34,37) (65,67) (46,66) (43,52) (72,77) (71,76) (26,68) (13,62) (58,61) (44,53) (25,73) (36,35) (36,68) (35,74) (16,49) (25,39) (37,68) (24,40) (31,68) (18,60) (38,68) (31,55) (76,54) (31,49) (39,56) (13,63) (75,52) (57,61) (54,61) (30,68) (74,68) (32,23) (32,32) (41,68) (20,44) (67,61) (43,68) (34,68) (13,58) (66,61) (75,78) (39,74) (17,48) (49,71) (30,41) (54,67) (29,74) (52,59) (24,73) (45,67) (78,75) (58,67) (48,55) (70,55) (76,73) (37,51) (44,68) (62,61) (19,54) (67,67)

Sample 79
Class: C
Image size: 105x105
Number of points: 80
Points:
(57,64) (24,55) (48,49) (52,44) (46,39) (46,71) (32,43) (55,66) (46,44) (21,51) (51,35) (58,61) (34,49) (61,40) (23,44) (43,69) (66,48) (56,33) (44,52) (47,36) (54,72) (39,61) (38,52) (44,58) (44,61) (22,46) (57,71) (54,49) (76,53) (44,54) (55,32) (50,35) (29,43) (56,66) (46,38) (62,65) (71,51) (73,57) (58,53) (63,60) (44,28) (46,65) (59,38) (51,66) (40,39) (36,49) (38,50) (68,43) (22,47) (77,52) (63,51) (35,49) (39,42) (56,42) (23,55) (26,44) (70,43) (44,51) (63,59) (76,54) (71,43) (32,49) (38,56) (52,72) (48,35) (77,51) (46,28) (72,52) (68,49) (44,70) (53,37) (69,43) (50,66) (75,44) (71,50) (54,31) (55,72) (64,55) (27,51) (72,44)

Sample 80
Class: D
Image size: 105x105
Number of points: 80
Points:
(32,20) (68,36) (52,11) (48,35) (30,45) (49,70) (38,58) (58,43) (56,62) (45,40) (71,42) (70,43) (35,45) (31,53) (29,35) (37,65) (65,27) (64,47) (66,23) (30,31) (31,54) (30,43) (25,41) (48,44) (61,25) (20,38) (59,66) (32,22) (31,23) (39,10) (50,15) (48,64) (42,10) (37,24) (57,48) (53,64) (38,45) (37,23) (34,17) (59,23) (45,64) (47,44) (35,46) (54,69) (33,60) (52,44) (42,62) (30,29) (30,46) (40,50) (51,53) (45,45) (64,40) (43,35) (36,30) (46,9) (55,56) (38,49) (49,35) (39,49) (22,36) (37,44) (28,41) (54,11) (55,12) (37,55) (37,48) (50,70) (29,41) (38,20) (32,57) (35,48) (47,69) (51,16) (31,24) (46,51) (67,36) (35,47) (31,51) (44,51)


Test dataset:

Sample 1
Class: A
Image size: 105x105
Number of points: 80
Points:
(45,76) (63,34) (40,26) (66,81) (38,46) (34,44) (66,43) (23,38) (64,81) (35,33) (64,76) (65,69) (53,31) (65,73) (70,57) (53,26) (52,26) (34,32) (25,43) (28,44) (21,64) (36,74) (41,26) (24,71) (60,41) (40,80) (50,76) (34,79) (44,57) (43,43) (38,59) (32,73) (62,46) (46,25) (57,82) (33,38) (32,79) (15,52) (31,38) (24,43) (59,82) (64,51) (21,55) (38,32) (44,53) (38,52) (37,74) (44,45) (57,27) (46,81) (29,60) (21,68) (18,37) (15,55) (49,31) (22,70) (15,48) (65,75) (39,75) (70,53) (65,72) (65,40) (35,79) (44,31) (34,28) (56,76) (21,44) (63,47) (62,32) (71,59) (24,76) (15,54) (35,38) (38,54) (21,53) (15,43) (61,76) (61,45) (26,77) (49,76)

Sample 2
Class: B
Image size: 105x105
Number of points: 80
Points:
(68,25) (30,61) (62,62) (31,33) (36,56) (58,68) (70,37) (70,32) (67,51) (63,46) (64,39) (30,63) (36,66) (65,57) (32,36) (30,66) (29,43) (45,69) (47,69) (67,23) (70,36) (54,73) (65,20) (56,71) (35,42) (69,47) (33,39) (68,24) (70,35) (58,58) (31,68) (32,72) (31,70) (30,64) (30,54) (63,47) (36,63) (62,51) (64,31) (28,39) (30,31) (27,38) (30,58) (59,56) (41,69) (58,59) (62,49) (44,75) (55,72) (35,45) (52,74) (40,69) (66,54) (66,53) (64,28) (66,22) (26,30) (31,32) (36,62) (64,32) (36,49) (36,60) (57,70) (69,46) (40,75) (61,64) (30,52) (30,56) (33,38) (59,57) (62,17) (27,30) (37,69) (31,71) (30,44) (51,74) (28,41) (30,50) (36,65) (36,51)

Sample 3
Class: C
Image size: 105x105
Number of points: 80
Points:
(54,19) (66,59) (53,68) (50,41) (52,50) (52,61) (39,39) (58,50) (52,32) (66,55) (66,41) (35,56) (69,65) (72,54) (53,39) (53,38) (47,45) (52,66) (35,39) (31,52) (52,62) (58,51) (54,68) (58,54) (72,43) (72,49) (57,20) (58,32) (44,45) (72,41) (52,40) (58,25) (72,60) (36,53) (58,28) (52,29) (66,49) (52,27) (66,51) (58,34) (52,59) (30,57) (37,49) (52,52) (36,39) (52,67) (57,62) (57,64) (61,47) (71,39) (72,62) (58,39) (33,42) (72,46) (66,56) (67,63) (65,47) (31,51) (38,48) (58,33) (68,40) (45,40) (58,26) (41,44) (53,21) (30,54) (58,52) (46,40) (30,55) (44,40) (55,19) (58,27) (52,26) (66,54) (55,67) (58,22) (39,44) (72,61) (72,50) (48,40)

Sample 4
Class: D
Image size: 105x105
Number of points: 80
Points:
(38,34) (40,58) (74,25) (66,62) (43,18) (75,63) (40,65) (31,56) (69,29) (65,44) (73,22) (77,15) (32,16) (46,46) (74,39) (50,45) (67,44) (37,54) (76,12) (75,16) (42,13) (63,44) (63,38) (58,17) (43,30) (36,23) (64,62) (33,50) (47,18) (73,21) (32,53) (49,13) (41,48) (50,63) (59,12) (67,11) (32,15) (74,28) (73,19) (31,58) (62,44) (41,13) (66,19) (51,44) (61,11) (56,44) (44,32) (32,51) (39,35) (53,63) (31,59) (36,19) (47,36) (42,26) (34,13) (73,65) (75,62) (50,38) (42,66) (31,57) (67,61) (61,62) (41,19) (70,61) (52,13) (41,22) (46,13) (43,67) (45,13) (69,28) (64,17) (60,63) (37,30) (40,12) (49,68) (48,45) (41,66) (58,63) (45,62) (51,38)

Sample 5
Class: A
Image size: 105x105
Number of points: 80
Points:
(20,48) (49,44) (37,52) (48,46) (46,48) (59,62) (59,38) (40,51) (56,68) (51,52) (60,33) (35,28) (36,80) (25,36) (71,77) (31,45) (67,73) (57,56) (36,33) (20,47) (52,59) (42,50) (19,41) (39,67) (65,78) (51,51) (63,76) (67,79) (36,36) (19,39) (36,37) (50,36) (58,40) (44,49) (41,50) (20,45) (31,56) (60,73) (30,72) (29,47) (19,32) (36,35) (35,66) (57,49) (30,31) (33,27) (57,54) (48,38) (45,48) (31,41) (41,67) (66,79) (43,66) (29,80) (25,37) (19,34) (31,40) (71,78) (54,30) (31,85) (25,40) (55,66) (36,38) (24,31) (27,52) (57,58) (20,31) (31,58) (28,47) (31,36) (52,57) (70,79) (35,64) (39,46) (36,41) (44,42) (30,65) (57,29) (58,42) (60,64)

Sample 6
Class: B
Image size: 105x105
Number of points: 80
Points:
(22,77) (27,67) (67,71) (41,40) (49,41) (40,34) (22,75) (27,69) (48,27) (60,48) (44,18) (57,54) (48,38) (44,37) (63,53) (59,46) (31,44) (36,39) (53,38) (39,17) (63,66) (53,36) (27,50) (53,45) (40,42) (46,22) (72,70) (21,73) (62,65) (24,57) (27,71) (71,67) (65,58) (21,71) (44,17) (48,28) (34,41) (53,35) (61,61) (40,41) (22,74) (22,76) (61,62) (32,52) (53,46) (52,44) (21,66) (27,63) (65,69) (21,68) (28,49) (28,61) (47,36) (55,40) (45,19) (27,65) (40,15) (65,57) (72,68) (37,37) (59,47) (26,52) (66,70) (64,68) (72,69) (48,29) (51,43) (64,56) (38,44) (55,50) (37,45) (33,50) (39,43) (43,30) (23,78) (32,51) (26,74) (46,35) (57,43) (23,59)

Sample 7
Class: C
Image size: 105x105
Number of points: 80
Points:
(56,77) (43,28) (58,53) (22,53) (63,46) (50,71) (38,54) (43,72) (56,71) (28,47) (59,76) (22,73) (40,43) (28,36) (61,52) (26,77) (45,54) (64,36) (34,48) (22,54) (29,48) (64,45) (45,41) (25,31) (63,32) (46,48) (31,73) (28,35) (28,72) (22,70) (45,45) (21,62) (63,73) (21,66) (38,48) (45,28) (22,38) (47,71) (58,47) (22,44) (28,77) (42,72) (27,33) (33,78) (48,48) (40,39) (40,40) (47,77) (34,78) (36,54) (25,76) (48,71) (58,71) (45,42) (60,71) (53,48) (47,48) (63,50) (42,77) (36,73) (36,48) (22,50) (55,71) (46,35) (63,49) (37,54) (52,77) (64,35) (58,40) (64,41) (32,48) (22,42) (41,34) (21,68) (43,54) (53,77) (28,34) (45,46) (27,71) (27,63)

Sample 8
Class: D
Image size: 105x105
Number of points: 80
Points:
(28,12) (52,45) (45,54) (68,11) (34,44) (61,39) (54,46) (33,50) (41,59) (45,59) (63,22) (56,55) (68,35) (52,51) (33,55) (32,12) (36,42) (38,48) (40,18) (33,54) (77,16) (39,59) (31,12) (65,46) (68,61) (60,12) (66,50) (72,17) (59,53) (49,18) (43,12) (68,32) (38,41) (62,20) (40,53) (62,37) (38,50) (69,30) (59,12) (41,54) (27,12) (42,59) (44,12) (66,43) (63,23) (53,12) (38,12) (33,12) (63,29) (58,18) (34,18) (63,27) (76,16) (43,54) (24,16) (68,21) (67,53) (68,31) (46,45) (41,18) (39,18) (50,40) (78,14) (50,45) (39,47) (57,18) (56,12) (63,28) (26,13) (39,40) (71,16) (39,12) (66,42) (69,58) (47,45) (36,57) (58,42) (71,11) (57,55) (24,14)

Sample 9
Class: A
Image size: 105x105
Number of points: 80
Points:
(63,57) (64,48) (35,61) (29,35) (69,57) (28,38) (32,69) (37,43) (24,80) (37,70) (34,64) (68,61) (37,58) (25,75) (36,43) (32,48) (58,42) (43,26) (68,43) (68,59) (57,42) (62,61) (66,73) (28,79) (70,50) (48,48) (32,18) (62,65) (33,48) (22,39) (62,64) (33,42) (57,48) (21,43) (50,48) (21,44) (23,76) (67,43) (29,72) (34,14) (38,68) (22,40) (38,26) (56,42) (43,54) (67,64) (34,63) (33,65) (63,59) (33,15) (38,27) (23,47) (46,42) (38,54) (61,47) (69,74) (45,49) (67,62) (28,72) (70,69) (52,48) (64,56) (63,71) (38,48) (56,48) (42,60) (61,42) (51,42) (26,31) (27,40) (28,48) (31,70) (28,39) (35,42) (73,74) (37,69) (69,44) (38,28) (39,40) (24,47)

Sample 10
Class: B
Image size: 105x105
Number of points: 80
Points:
(46,42) (85,47) (35,38) (82,43) (70,9) (52,62) (40,37) (62,43) (66,17) (66,19) (20,65) (71,43) (15,59) (55,32) (64,9) (45,67) (67,43) (21,57) (15,58) (83,54) (25,46) (60,38) (60,19) (41,43) (89,57) (54,35) (64,22) (49,51) (64,24) (45,68) (59,37) (52,37) (46,66) (19,44) (63,27) (39,43) (53,36) (51,65) (81,52) (46,73) (21,42) (86,61) (54,49) (53,55) (88,54) (74,43) (45,71) (82,53) (29,44) (18,67) (59,21) (55,31) (78,39) (25,40) (57,43) (63,26) (66,37) (34,43) (32,38) (16,65) (58,25) (67,7) (16,52) (49,72) (62,14) (48,42) (69,43) (66,43) (89,55) (58,24) (81,42) (77,38) (48,53) (15,64) (58,43) (48,37) (70,37) (30,44) (53,54) (39,37)

Sample 11
Class: C
Image size: 105x105
Number of points: 80
Points:
(42,61) (69,45) (37,53) (72,44) (66,64) (66,67) (46,64) (61,57) (34,33) (68,29) (67,56) (66,46) (47,43) (61,29) (75,33) (24,42) (61,71) (39,28) (56,44) (62,71) (55,38) (61,61) (52,66) (36,58) (31,45) (78,38) (58,72) (41,57) (37,64) (58,49) (66,53) (57,47) (65,46) (64,34) (60,37) (25,47) (37,54) (47,64) (36,45) (66,52) (46,69) (66,29) (61,59) (56,33) (56,46) (55,43) (76,34) (40,66) (30,27) (43,68) (61,60) (42,54) (59,30) (46,39) (32,50) (61,64) (58,30) (46,40) (47,44) (70,35) (45,63) (39,35) (62,29) (61,42) (55,37) (25,46) (64,69) (37,27) (61,53) (26,34) (73,41) (69,34) (25,35) (30,37) (38,45) (60,65) (61,54) (44,63) (67,61) (79,42)

Sample 12
Class: D
Image size: 105x105
Number of points: 80
Points:
(46,58) (53,65) (67,30) (73,50) (38,36) (67,71) (38,61) (75,29) (32,24) (62,42) (73,54) (32,47) (37,61) (73,41) (24,20) (73,42) (33,45) (67,68) (68,66) (55,60) (30,31) (64,57) (66,64) (52,60) (57,47) (54,46) (49,65) (31,50) (73,45) (32,36) (49,40) (56,66) (31,40) (35,54) (89,22) (49,45) (62,59) (67,50) (30,51) (36,31) (58,60) (85,22) (82,28) (73,60) (67,69) (53,46) (86,26) (41,57) (45,63) (29,21) (36,30) (30,54) (73,31) (90,24) (49,59) (68,41) (73,46) (71,77) (67,52) (25,25) (52,46) (48,64) (37,50) (67,78) (54,60) (73,64) (66,76) (47,40) (71,79) (65,43) (46,39) (88,25) (73,56) (85,26) (67,80) (43,57) (37,33) (40,45) (81,22) (90,22)

Sample 13
Class: A
Image size: 105x105
Number of points: 80
Points:
(54,58) (50,28) (53,54) (24,63) (24,65) (31,71) (36,36) (40,48) (27,51) (41,41) (32,53) (55,60) (56,67) (62,32) (39,32) (46,32) (52,26) (31,56) (41,71) (64,39) (53,56) (44,76) (44,34) (29,49) (39,72) (46,54) (48,30) (29,34) (46,46) (25,58) (30,35) (45,46) (38,72) (55,59) (54,19) (49,68) (30,47) (33,36) (50,60) (27,52) (47,31) (60,25) (44,45) (64,38) (38,77) (58,36) (26,74) (32,43) (30,61) (20,35) (38,46) (64,36) (45,33) (29,40) (30,48) (43,28) (38,34) (46,75) (52,53) (25,39) (26,54) (42,36) (24,62) (50,67) (56,20) (30,59) (61,40) (63,35) (34,72) (30,77) (24,61) (56,64) (59,23) (25,56) (49,74) (25,72) (28,34) (51,64) (24,39) (26,34)

Sample 14
Class: B
Image size: 105x105
Number of points: 80
Points:
(36,67) (55,36) (41,65) (39,40) (23,69) (71,32) (20,67) (31,32) (27,68) (68,26) (22,44) (45,52) (65,26) (20,61) (57,47) (68,32) (78,31) (27,43) (26,45) (76,50) (81,35) (31,37) (20,58) (62,47) (67,57) (81,55) (61,41) (26,35) (61,40) (26,54) (82,45) (52,32) (20,53) (37,29) (28,33) (61,38) (62,49) (73,58) (57,49) (49,26) (28,41) (78,57) (64,32) (70,52) (76,47) (22,41) (44,61) (62,48) (37,67) (21,48) (49,32) (29,39) (39,53) (54,26) (75,58) (20,63) (44,38) (28,68) (39,28) (75,52) (56,43) (29,68) (45,50) (53,32) (79,32) (43,27) (67,26) (61,43) (26,55) (39,39) (79,57) (70,32) (21,49) (82,47) (20,51) (20,62) (43,34) (32,68) (44,32) (81,54)

Sample 15
Class: C
Image size: 105x105
Number of points: 80
Points:
(52,64) (56,57) (33,31) (24,62) (60,52) (9,67) (33,53) (63,61) (34,39) (15,62) (55,73) (46,61) (52,34) (9,64) (32,57) (27,51) (33,42) (54,67) (34,38) (56,52) (46,29) (40,34) (68,59) (17,54) (54,42) (23,74) (26,52) (46,35) (16,74) (33,52) (58,52) (22,53) (52,59) (49,45) (36,29) (33,45) (33,43) (24,73) (15,55) (27,49) (54,40) (35,30) (49,43) (43,29) (48,53) (26,59) (44,29) (47,56) (41,34) (47,65) (10,72) (33,41) (30,35) (62,68) (23,67) (49,70) (48,40) (47,67) (60,69) (62,52) (30,34) (50,71) (25,58) (63,67) (49,30) (9,69) (24,64) (68,65) (20,69) (29,36) (29,37) (19,59) (36,35) (24,57) (19,75) (13,74) (32,59) (9,63) (52,72) (11,58)

Sample 16
Class: D
Image size: 105x105
Number of points: 80
Points:
(67,38) (67,40) (72,48) (67,35) (57,8) (42,56) (79,8) (72,51) (50,51) (67,44) (57,14) (57,38) (69,14) (57,34) (51,29) (44,34) (67,34) (55,8) (70,25) (32,35) (70,52) (56,18) (66,33) (39,12) (32,56) (35,40) (69,7) (53,8) (25,8) (54,8) (72,35) (56,8) (57,33) (18,12) (26,45) (65,7) (54,47) (56,45) (70,27) (46,53) (18,10) (50,34) (51,31) (30,35) (47,7) (64,22) (53,48) (64,25) (71,30) (60,8) (67,46) (73,40) (21,14) (40,12) (27,52) (39,40) (61,14) (62,8) (65,30) (72,32) (56,21) (52,46) (62,14) (57,35) (32,50) (52,49) (29,54) (38,51) (31,45) (29,7) (32,49) (36,56) (69,19) (30,7) (19,13) (64,20) (57,25) (35,6) (34,12) (73,45)

Sample 17
Class: A
Image size: 105x105
Number of points: 80
Points:
(46,58) (44,31) (25,36) (40,27) (29,33) (43,74) (45,40) (15,56) (50,60) (21,65) (15,53) (25,37) (40,55) (53,49) (47,51) (39,77) (22,82) (26,33) (42,29) (74,36) (70,28) (59,32) (45,45) (49,63) (44,61) (22,69) (27,82) (20,60) (44,72) (52,34) (36,53) (21,62) (31,34) (43,46) (32,81) (40,69) (23,74) (53,48) (64,28) (57,40) (52,57) (23,82) (62,29) (38,21) (39,40) (74,47) (43,40) (68,35) (54,44) (54,46) (53,51) (64,34) (46,70) (48,38) (46,35) (37,56) (18,75) (56,41) (22,71) (26,77) (20,54) (50,31) (15,58) (41,28) (15,63) (38,24) (16,66) (44,32) (48,50) (18,79) (15,62) (38,78) (15,59) (45,60) (44,24) (27,38) (52,54) (28,33) (73,33) (33,43)

Sample 18
Class: B
Image size: 105x105
Number of points: 80
Points:
(56,51) (54,56) (85,49) (66,54) (82,32) (80,49) (21,65) (16,46) (25,61) (21,47) (82,41) (16,47) (55,62) (21,38) (20,32) (56,54) (19,59) (88,34) (67,54) (42,68) (87,39) (45,62) (80,47) (48,66) (68,60) (29,64) (51,59) (28,64) (87,36) (81,42) (15,34) (49,65) (86,43) (15,40) (82,38) (53,57) (21,37) (19,62) (34,64) (59,59) (43,68) (87,38) (44,62) (76,58) (76,53) (62,52) (56,61) (18,55) (33,64) (18,56) (85,51) (72,59) (42,63) (50,59) (41,68) (52,58) (61,46) (50,65) (21,46) (15,37) (62,51) (88,31) (84,52) (78,51) (77,58) (81,45) (60,44) (80,56) (18,31) (86,47) (23,54) (16,32) (37,69) (54,63) (18,52) (83,29) (65,60) (62,48) (16,45) (31,64)

Sample 19
Class: C
Image size: 105x105
Number of points: 80
Points:
(52,56) (38,72) (36,71) (44,27) (61,54) (54,52) (42,49) (55,43) (40,48) (50,52) (43,52) (41,68) (37,65) (49,22) (62,46) (43,69) (48,52) (61,56) (59,32) (36,41) (41,53) (49,48) (41,49) (41,30) (52,24) (55,73) (47,27) (40,73) (56,42) (53,62) (36,27) (46,75) (52,75) (59,31) (41,74) (55,36) (59,61) (41,45) (53,74) (55,49) (46,49) (41,54) (59,30) (50,43) (52,43) (61,38) (62,43) (44,44) (36,42) (60,57) (61,52) (38,24) (43,56) (45,70) (30,42) (37,25) (61,41) (45,27) (44,52) (38,65) (45,75) (39,66) (61,36) (47,57) (37,71) (49,70) (59,63) (55,26) (51,52) (48,57) (58,29) (31,43) (56,40) (31,44) (35,29) (47,75) (50,69) (46,57) (45,52) (53,43)

Sample 20
Class: D
Image size: 105x105
Number of points: 80
Points:
(57,59) (37,35) (70,19) (57,66) (59,74) (63,69) (40,49) (16,17) (62,59) (37,43) (24,49) (26,38) (12,14) (58,33) (56,22) (44,25) (38,36) (47,48) (57,23) (44,26) (20,20) (67,20) (24,16) (44,32) (44,17) (18,49) (56,50) (68,14) (62,63) (21,36) (32,54) (72,19) (58,53) (38,39) (66,20) (28,21) (63,71) (63,54) (36,21) (61,79) (59,44) (71,14) (38,42) (38,38) (62,67) (63,78) (44,27) (24,45) (27,54) (44,31) (44,45) (29,27) (18,50) (58,27) (33,47) (62,23) (59,38) (57,68) (20,53) (64,44) (59,46) (37,31) (64,39) (59,48) (56,49) (19,43) (21,21) (36,24) (24,54) (58,28) (75,14) (62,58) (31,48) (20,39) (59,51) (56,17) (64,76) (28,49) (44,19) (57,16)

Sample 21
Class: A
Image size: 105x105
Number of points: 80
Points:
(35,47) (42,58) (39,77) (27,82) (23,46) (38,76) (35,42) (56,51) (46,66) (61,34) (59,74) (61,38) (42,72) (46,81) (55,69) (48,53) (33,71) (48,41) (37,52) (49,35) (61,62) (60,42) (58,64) (59,45) (23,45) (45,37) (36,60) (32,79) (40,45) (23,79) (34,77) (57,30) (37,41) (53,33) (42,56) (38,51) (37,46) (45,88) (54,83) (37,75) (31,43) (41,60) (55,53) (36,61) (59,43) (53,38) (37,54) (29,75) (23,78) (56,39) (29,81) (52,85) (52,33) (41,82) (43,54) (53,45) (51,60) (58,75) (58,29) (64,66) (28,75) (25,49) (55,41) (25,83) (63,67) (38,40) (41,83) (50,87) (55,81) (48,88) (61,33) (54,71) (43,38) (42,71) (53,55) (45,67) (65,65) (28,43) (48,64) (54,44)

Sample 22
Class: B
Image size: 105x105
Number of points: 80
Points:
(48,24) (26,64) (21,63) (42,69) (58,61) (44,35) (41,70) (45,67) (49,63) (23,53) (73,63) (67,53) (21,61) (43,36) (26,69) (47,30) (49,21) (69,64) (44,67) (72,52) (43,18) (74,46) (35,39) (43,19) (26,68) (45,74) (38,71) (49,18) (69,47) (34,47) (28,55) (79,50) (35,77) (27,57) (64,53) (28,45) (43,75) (20,66) (66,61) (43,37) (72,46) (61,49) (31,77) (49,19) (21,62) (62,48) (27,46) (42,29) (51,68) (80,49) (77,51) (24,51) (71,65) (24,52) (64,50) (64,48) (36,37) (65,54) (68,63) (53,67) (37,71) (56,55) (77,45) (43,24) (26,65) (74,51) (49,23) (76,51) (21,60) (39,76) (36,71) (23,75) (26,48) (48,26) (72,65) (33,48) (50,62) (26,66) (27,47) (59,52)

Sample 23
Class: C
Image size: 105x105
Number of points: 80
Points:
(20,69) (51,54) (68,69) (19,65) (14,70) (27,37) (27,65) (24,69) (68,60) (27,39) (35,41) (60,67) (13,66) (35,54) (55,35) (28,53) (26,69) (57,32) (51,39) (29,36) (46,46) (52,67) (33,63) (62,54) (61,54) (49,55) (54,72) (56,61) (58,73) (25,62) (43,41) (33,64) (32,57) (26,55) (34,55) (19,57) (19,67) (46,36) (62,61) (44,40) (14,60) (63,72) (22,56) (27,54) (43,63) (29,52) (33,48) (27,74) (57,31) (27,66) (37,43) (32,59) (59,59) (63,55) (42,61) (33,39) (31,50) (45,67) (43,49) (30,74) (20,57) (32,45) (43,62) (60,73) (69,64) (66,58) (37,44) (44,39) (34,40) (30,36) (32,72) (43,42) (44,65) (50,71) (31,37) (44,64) (17,74) (13,64) (54,54) (33,65)

Sample 24
Class: D
Image size: 105x105
Number of points: 80
Points:
(59,10) (68,54) (68,53) (74,30) (68,33) (59,15) (44,16) (55,39) (40,49) (36,17) (25,12) (57,16) (24,13) (67,17) (40,47) (64,8) (54,39) (35,55) (68,57) (58,39) (30,46) (73,54) (75,12) (69,62) (35,11) (74,35) (49,40) (43,46) (67,51) (73,42) (28,42) (73,57) (28,11) (73,12) (29,37) (48,45) (29,46) (40,50) (65,38) (74,12) (40,59) (48,16) (61,44) (67,48) (54,10) (26,12) (67,50) (24,15) (68,34) (66,15) (61,15) (33,37) (37,17) (66,38) (68,29) (31,11) (73,20) (55,16) (74,26) (36,65) (70,62) (68,52) (38,11) (25,16) (34,60) (68,58) (26,16) (35,65) (68,61) (61,38) (41,56) (62,9) (65,8) (32,11) (83,9) (35,58) (68,24) (29,17) (40,57) (28,44)

Sample 25
Class: A
Image size: 105x105
Number of points: 80
Points:
(47,75) (75,77) (14,29) (77,67) (64,76) (40,71) (55,49) (64,78) (36,51) (93,66) (71,45) (61,60) (55,50) (89,65) (18,32) (56,31) (57,38) (64,64) (55,61) (66,66) (49,42) (45,55) (47,74) (51,37) (57,52) (45,53) (53,55) (44,60) (59,36) (59,57) (96,68) (85,71) (72,34) (48,45) (80,66) (77,35) (54,47) (87,65) (75,45) (23,37) (13,34) (69,30) (35,59) (42,75) (37,62) (24,46) (71,38) (38,54) (47,72) (50,41) (78,67) (81,66) (30,52) (65,27) (65,33) (60,59) (39,68) (38,66) (49,43) (72,72) (45,56) (61,30) (54,48) (76,67) (63,73) (65,81) (82,66) (34,49) (73,70) (72,24) (77,34) (57,63) (61,36) (47,47) (50,57) (55,60) (60,30) (49,60) (70,30) (89,71)

Sample 26
Class: B
Image size: 105x105
Number of points: 80
Points:
(79,56) (67,27) (61,40) (37,56) (32,34) (53,19) (61,42) (82,52) (23,48) (55,72) (35,56) (61,33) (60,87) (68,58) (80,62) (54,58) (38,22) (76,23) (44,20) (29,43) (61,41) (61,79) (61,38) (55,56) (88,40) (61,69) (45,25) (69,27) (50,58) (24,53) (88,43) (55,52) (61,13) (55,15) (55,13) (42,25) (63,64) (25,38) (55,82) (24,50) (87,53) (61,48) (48,25) (52,58) (61,53) (43,25) (61,37) (62,58) (88,36) (80,25) (64,58) (61,65) (32,35) (45,58) (55,38) (87,52) (60,88) (87,54) (55,51) (53,64) (86,56) (29,50) (55,85) (61,7) (24,41) (88,37) (41,62) (39,21) (29,45) (61,57) (88,35) (55,80) (69,64) (48,63) (71,58) (55,10) (47,58) (34,32) (82,60) (61,76)

Sample 27
Class: C
Image size: 105x105
Number of points: 80
Points:
(42,77) (47,76) (62,49) (40,33) (46,77) (50,67) (52,45) (42,70) (52,61) (41,45) (46,50) (45,30) (46,40) (41,46) (44,28) (63,64) (63,54) (47,62) (47,45) (45,62) (60,46) (47,70) (56,67) (42,67) (40,34) (41,44) (41,47) (58,56) (63,56) (45,50) (50,51) (47,73) (49,45) (46,37) (43,79) (58,66) (51,51) (45,79) (52,51) (54,45) (63,57) (53,61) (43,64) (64,60) (58,58) (63,55) (57,61) (63,58) (41,43) (63,53) (53,67) (46,38) (41,42) (57,67) (54,51) (42,71) (42,74) (54,61) (46,44) (63,59) (46,39) (47,71) (50,61) (42,75) (42,78) (44,62) (53,45) (55,61) (56,61) (51,61) (42,68) (56,51) (61,66) (51,67) (58,46) (48,61) (45,35) (47,75) (40,29) (58,57)

Sample 28
Class: D
Image size: 105x105
Number of points: 80
Points:
(33,7) (41,34) (69,48) (60,70) (56,25) (62,57) (38,20) (60,18) (36,63) (47,27) (66,64) (40,74) (55,27) (52,12) (43,11) (39,68) (43,66) (45,23) (63,23) (58,6) (51,72) (45,62) (58,21) (44,69) (58,22) (59,6) (69,10) (63,41) (29,34) (62,56) (38,73) (35,6) (66,63) (32,13) (68,39) (59,70) (36,57) (37,57) (58,70) (43,18) (35,29) (29,32) (34,29) (63,69) (63,6) (29,9) (57,65) (45,22) (67,62) (52,6) (36,15) (63,42) (41,15) (51,6) (58,38) (39,58) (60,16) (36,29) (37,6) (49,29) (41,65) (50,67) (29,11) (35,34) (33,29) (69,51) (61,69) (39,63) (62,61) (38,58) (50,12) (30,59) (63,55) (42,17) (65,11) (59,13) (68,52) (31,70) (40,6) (36,34)

Sample 29
Class: A
Image size: 105x105
Number of points: 80
Points:
(44,68) (61,36) (60,55) (52,60) (45,66) (38,30) (63,28) (38,59) (48,76) (43,60) (45,80) (52,42) (39,73) (53,43) (61,48) (61,38) (39,25) (48,42) (51,60) (46,25) (56,29) (53,26) (49,45) (40,38) (60,33) (46,19) (42,34) (61,41) (65,32) (48,44) (38,66) (66,34) (66,38) (35,37) (58,57) (57,64) (66,55) (47,19) (51,78) (47,60) (61,40) (38,62) (50,77) (55,21) (50,60) (59,25) (35,45) (40,37) (62,27) (59,83) (38,61) (67,46) (38,63) (49,66) (61,37) (62,61) (39,70) (51,84) (57,86) (33,41) (41,59) (65,31) (53,65) (52,26) (44,80) (54,27) (61,44) (64,58) (39,41) (33,43) (61,62) (66,52) (36,45) (61,51) (44,70) (58,31) (52,79) (40,58) (39,24) (67,49)

Sample 30
Class: B
Image size: 105x105
Number of points: 80
Points:
(61,41) (67,46) (18,58) (23,36) (40,21) (20,49) (34,24) (43,20) (18,66) (20,48) (26,45) (57,26) (61,49) (26,47) (55,24) (33,25) (65,33) (26,46) (27,41) (46,24) (62,56) (63,26) (67,58) (25,50) (26,44) (38,22) (61,45) (22,73) (42,20) (21,42) (50,24) (67,45) (61,39) (18,64) (23,71) (24,64) (67,48) (61,42) (19,56) (59,32) (24,59) (47,19) (28,38) (36,29) (51,18) (40,27) (20,50) (39,21) (56,19) (22,40) (24,35) (67,57) (44,20) (61,47) (24,70) (59,20) (21,43) (50,19) (33,31) (22,39) (57,25) (51,24) (19,54) (24,54) (66,39) (66,36) (29,37) (63,64) (23,37) (62,55) (41,21) (20,73) (68,61) (29,35) (47,24) (45,25) (66,67) (23,38) (21,73) (49,24)

Sample 31
Class: C
Image size: 105x105
Number of points: 80
Points:
(27,67) (60,33) (31,73) (42,19) (34,67) (47,19) (40,36) (24,43) (45,63) (25,67) (40,47) (24,42) (27,46) (24,40) (28,73) (41,34) (41,35) (55,42) (50,37) (46,29) (29,36) (54,31) (26,67) (36,67) (50,26) (41,20) (21,72) (39,62) (57,41) (40,56) (37,67) (46,19) (60,34) (55,32) (55,23) (57,25) (46,53) (37,73) (52,42) (40,54) (21,79) (24,66) (52,21) (30,35) (30,67) (41,21) (31,41) (37,42) (46,34) (46,46) (46,33) (21,81) (53,22) (45,28) (40,44) (34,36) (32,73) (28,67) (40,51) (36,37) (24,82) (21,71) (44,70) (37,37) (55,34) (46,36) (52,28) (35,73) (46,45) (55,33) (34,41) (21,80) (21,74) (41,23) (46,48) (40,53) (54,30) (45,57) (29,42) (45,62)

Sample 32
Class: D
Image size: 105x105
Number of points: 80
Points:
(34,51) (34,14) (48,36) (38,60) (58,66) (45,41) (51,74) (48,52) (61,35) (66,67) (63,41) (59,41) (43,20) (42,35) (70,40) (73,20) (59,72) (67,52) (29,47) (73,27) (73,25) (47,68) (40,20) (24,45) (44,14) (59,53) (61,41) (57,53) (63,52) (64,19) (48,41) (32,28) (67,29) (31,23) (73,35) (32,61) (78,14) (43,42) (26,40) (53,15) (66,52) (55,68) (39,21) (36,14) (39,31) (71,40) (59,66) (32,59) (62,58) (30,14) (62,14) (38,21) (43,73) (63,57) (58,53) (73,24) (24,49) (67,23) (33,36) (53,35) (77,12) (31,24) (38,71) (26,18) (62,71) (45,68) (53,41) (67,27) (54,53) (62,35) (57,73) (34,33) (25,41) (30,45) (65,52) (37,61) (30,38) (55,35) (38,30) (31,38)

Sample 33
Class: A
Image size: 105x105
Number of points: 80
Points:
(44,82) (47,78) (50,70) (31,33) (50,71) (47,54) (35,44) (53,58) (21,54) (52,62) (31,26) (47,46) (36,37) (31,19) (18,50) (31,63) (53,52) (28,38) (35,43) (36,39) (23,35) (47,42) (16,52) (45,80) (36,35) (20,49) (26,51) (29,55) (43,72) (47,56) (52,39) (22,36) (47,59) (47,62) (53,48) (24,58) (53,54) (42,84) (44,71) (47,47) (36,31) (34,58) (32,61) (52,40) (45,68) (36,29) (15,58) (17,51) (45,69) (37,32) (53,50) (44,70) (40,22) (27,50) (44,81) (47,63) (23,64) (31,24) (32,62) (15,56) (31,21) (43,74) (33,15) (47,44) (29,66) (30,54) (24,35) (31,23) (34,57) (31,30) (31,16) (37,34) (31,49) (36,47) (25,42) (30,65) (53,53) (41,85) (53,55) (47,53)

Sample 34
Class: B
Image size: 105x105
Number of points: 80
Points:
(49,57) (49,58) (55,9) (50,7) (54,69) (54,74) (19,47) (54,8) (48,69) (74,36) (54,70) (24,37) (49,62) (72,48) (71,31) (41,30) (36,30) (54,67) (23,31) (45,36) (73,32) (48,68) (58,36) (49,42) (65,36) (13,46) (55,25) (13,44) (70,46) (16,52) (48,78) (46,36) (37,36) (69,37) (49,26) (55,13) (49,29) (55,44) (49,44) (49,55) (55,19) (54,7) (34,31) (55,26) (49,61) (13,49) (49,40) (55,29) (54,68) (49,16) (39,36) (30,36) (54,78) (67,36) (49,17) (55,24) (21,37) (54,72) (54,77) (13,39) (14,36) (53,83) (67,30) (49,25) (30,31) (49,45) (54,71) (75,44) (65,30) (54,61) (69,41) (49,19) (37,30) (19,49) (40,36) (19,41) (51,85) (13,40) (49,13) (68,36)

Sample 35
Class: C
Image size: 105x105
Number of points: 80
Points:
(48,73) (53,53) (50,55) (36,38) (40,45) (47,60) (59,47) (59,50) (41,35) (43,67) (44,61) (37,66) (42,48) (36,30) (42,63) (44,42) (42,39) (54,68) (37,29) (39,71) (53,40) (41,33) (51,71) (42,64) (44,68) (59,48) (59,43) (59,45) (43,32) (36,31) (47,26) (38,43) (53,52) (37,67) (59,40) (42,32) (49,32) (58,30) (40,73) (41,73) (59,52) (48,60) (51,63) (59,56) (48,49) (37,65) (41,27) (51,64) (59,44) (43,73) (49,66) (46,44) (43,48) (49,26) (38,42) (59,49) (47,67) (46,68) (36,39) (40,57) (41,34) (37,68) (46,60) (51,32) (45,68) (59,42) (58,58) (59,55) (58,32) (40,28) (36,34) (53,51) (37,41) (50,50) (36,33) (59,38) (44,49) (44,27) (36,35) (48,32)

Sample 36
Class: D
Image size: 105x105
Number of points: 80
Points:
(59,26) (34,54) (47,14) (66,51) (26,11) (38,13) (54,32) (35,7) (28,44) (64,33) (31,40) (50,33) (69,50) (68,33) (39,50) (52,32) (63,32) (68,14) (74,52) (59,32) (72,13) (35,44) (62,32) (42,31) (60,53) (55,59) (68,25) (39,33) (39,39) (68,28) (36,43) (42,37) (74,12) (61,58) (45,57) (28,14) (62,57) (64,7) (74,51) (62,17) (68,50) (44,8) (34,47) (36,54) (40,13) (62,25) (68,26) (53,13) (70,49) (40,39) (46,8) (43,51) (59,59) (34,45) (43,56) (55,54) (37,49) (44,57) (69,7) (45,36) (65,56) (52,8) (77,11) (60,26) (46,35) (60,13) (27,8) (28,45) (51,33) (56,7) (26,9) (53,27) (62,20) (57,54) (38,55) (48,58) (58,59) (30,51) (36,39) (29,43)

Sample 37
Class: A
Image size: 105x105
Number of points: 80
Points:
(48,61) (62,72) (53,64) (30,29) (66,48) (51,19) (29,63) (46,25) (49,42) (49,57) (79,24) (37,26) (37,28) (40,49) (48,44) (46,48) (65,60) (67,33) (33,66) (48,62) (42,25) (39,59) (48,60) (47,45) (58,23) (71,42) (34,21) (32,26) (50,19) (57,25) (36,30) (71,36) (68,65) (29,31) (65,68) (69,29) (71,46) (54,69) (40,58) (37,61) (72,35) (41,56) (73,31) (28,32) (67,58) (36,55) (53,19) (53,79) (27,33) (38,60) (62,73) (48,58) (43,54) (41,19) (47,34) (44,40) (79,22) (64,70) (45,25) (54,67) (44,51) (41,46) (73,32) (73,60) (46,38) (53,63) (67,66) (66,44) (61,74) (37,54) (52,78) (70,54) (50,72) (67,49) (55,79) (74,30) (65,42) (51,73) (56,27) (51,26)

Sample 38
Class: B
Image size: 105x105
Number of points: 80
Points:
(36,36) (46,40) (37,30) (51,33) (52,48) (50,86) (44,30) (45,66) (52,50) (52,54) (45,77) (43,30) (51,74) (46,50) (46,55) (24,34) (45,63) (53,81) (51,69) (56,81) (50,32) (45,72) (49,31) (51,63) (52,37) (47,85) (46,83) (46,41) (51,58) (23,26) (52,46) (27,20) (58,82) (42,30) (25,35) (46,84) (51,72) (51,65) (45,64) (46,53) (52,81) (46,54) (51,57) (45,73) (46,82) (23,30) (23,23) (31,36) (46,38) (29,23) (45,36) (32,36) (46,81) (24,32) (51,59) (45,74) (36,30) (56,86) (51,76) (49,86) (44,36) (52,53) (55,86) (58,85) (51,62) (46,49) (24,22) (52,49) (46,47) (57,81) (51,61) (35,30) (29,36) (51,78) (46,48) (45,75) (52,42) (51,60) (39,30) (24,31)

Sample 39
Class: C
Image size: 105x105
Number of points: 80
Points:
(48,32) (53,49) (55,42) (61,45) (60,33) (66,48) (65,36) (50,41) (42,40) (38,56) (39,69) (40,75) (38,59) (44,61) (52,48) (58,38) (44,59) (44,38) (36,40) (44,67) (55,32) (62,53) (39,71) (63,52) (42,43) (38,57) (64,52) (59,38) (32,45) (61,43) (38,62) (37,54) (61,42) (65,51) (62,33) (43,38) (61,47) (44,66) (36,43) (66,37) (36,38) (66,41) (46,38) (44,62) (39,72) (67,46) (32,51) (45,38) (44,60) (66,47) (42,46) (41,76) (38,33) (61,33) (51,47) (38,60) (44,64) (30,46) (66,49) (31,51) (33,45) (40,32) (37,53) (27,50) (27,46) (42,48) (42,76) (26,47) (60,53) (61,39) (37,35) (50,40) (43,58) (42,50) (43,54) (44,70) (57,38) (59,53) (61,53) (38,63)

Sample 40
Class: D
Image size: 105x105
Number of points: 80
Points:
(37,61) (47,65) (43,9) (52,64) (55,54) (54,36) (67,4) (66,4) (71,5) (39,51) (31,4) (40,9) (29,10) (60,48) (60,50) (23,4) (39,47) (68,10) (44,9) (40,30) (30,10) (50,23) (63,5) (48,38) (48,17) (58,5) (34,40) (33,10) (69,4) (34,43) (42,30) (42,13) (62,5) (64,5) (51,11) (55,53) (55,5) (57,11) (59,58) (39,49) (27,4) (38,9) (54,46) (52,5) (45,12) (51,41) (61,5) (73,5) (38,32) (49,39) (51,29) (70,9) (39,41) (45,9) (73,9) (51,5) (58,59) (41,64) (46,37) (26,10) (33,45) (33,49) (53,11) (60,5) (72,5) (71,9) (51,32) (48,16) (44,24) (59,5) (42,17) (55,62) (45,26) (36,4) (41,11) (53,57) (61,10) (52,42) (43,29) (21,5)
