You are an expert in handwritten character recognition.

You are given a labeled training dataset of handwritten characters represented as point clouds.

Each sample contains:
- image width
- image height
- coordinates of black pixels
- class label

Your task is to classify the test samples.

Rules:
- Compare test samples only with the given training samples.
- Use geometric similarity of point arrangements.
- Focus on shape structure, position, and stroke patterns.
- Do not use external knowledge about characters.
- Do not describe machine learning algorithms.
- Output the predicted class for each test sample.
- At the end, compute classification accuracy using the provided labels.

Training dataset:

Sample 1
Class: A
Image size: 105x105
Number of points: 80
Points:
(82,71) (67,37) (63,29) (44,77) (28,45) (41,44) (30,44) (39,39) (78,76) (45,36) (56,73) (29,64) (48,35) (77,67) (82,54) (48,30) (47,30) (51,35) (71,43) (35,44) (77,60) (26,69) (64,29) (63,65) (19,42) (33,75) (72,72) (69,73) (65,54) (78,43) (40,56) (61,67) (51,45) (51,29) (49,78) (67,79) (49,39) (67,73) (80,49) (47,39) (58,43) (51,78) (64,49) (23,52) (65,35) (75,50) (21,50) (33,69) (59,44) (45,31) (39,76) (82,56) (57,63) (74,38) (16,52) (63,34) (77,64) (26,46) (28,71) (37,70) (16,51) (83,66) (55,41) (70,73) (58,34) (46,31) (48,73) (32,44) (72,78) (24,46) (44,36) (60,56) (43,71) (22,51) (51,39) (59,51) (58,50) (77,42) (53,73) (72,44)

Sample 2
Class: C
Image size: 105x105
Number of points: 80
Points:
(48,68) (53,65) (47,61) (52,37) (47,56) (53,59) (54,40) (28,52) (72,41) (45,40) (30,49) (59,46) (74,44) (47,60) (47,53) (67,40) (38,46) (52,35) (69,40) (52,32) (31,46) (64,46) (26,44) (52,36) (65,40) (73,53) (47,63) (49,72) (69,50) (63,46) (25,49) (40,40) (74,43) (39,40) (73,41) (53,53) (29,52) (47,57) (73,54) (69,47) (53,55) (53,62) (54,46) (50,72) (53,56) (30,51) (53,50) (27,40) (52,34) (32,40) (43,40) (44,40) (53,47) (53,61) (60,46) (53,67) (47,49) (26,42) (50,29) (33,40) (47,62) (42,46) (68,52) (41,40) (66,40) (52,38) (47,64) (48,29) (53,54) (30,48) (69,49) (37,40) (53,51) (74,51) (52,39) (47,58) (46,35) (25,48) (53,66) (42,40)

Sample 3
Class: A
Image size: 105x105
Number of points: 80
Points:
(69,73) (37,57) (39,68) (71,26) (30,25) (65,42) (34,25) (71,59) (71,58) (39,11) (72,66) (36,36) (65,55) (43,14) (17,23) (36,41) (36,34) (27,30) (42,18) (28,30) (71,62) (37,20) (73,20) (50,55) (42,19) (37,59) (17,24) (24,24) (72,78) (65,54) (71,60) (42,25) (33,31) (65,58) (72,67) (71,48) (61,28) (19,27) (65,34) (71,45) (75,75) (71,50) (65,57) (65,52) (60,23) (31,30) (25,29) (15,19) (36,38) (37,15) (66,65) (48,61) (59,29) (22,29) (42,11) (66,19) (68,71) (67,18) (37,19) (37,16) (36,37) (55,57) (26,30) (51,31) (62,28) (26,24) (47,63) (38,64) (54,54) (29,30) (71,46) (48,26) (64,21) (73,21) (71,49) (36,40) (42,47) (51,54) (20,18) (76,76)

Sample 4
Class: C
Image size: 105x105
Number of points: 80
Points:
(26,39) (71,35) (46,69) (32,65) (72,39) (57,47) (26,46) (71,45) (75,72) (41,41) (56,69) (71,43) (26,50) (64,73) (48,75) (26,37) (76,71) (53,75) (71,34) (26,62) (26,48) (54,69) (68,30) (54,74) (51,34) (65,73) (71,68) (57,69) (66,40) (66,37) (34,47) (54,47) (53,47) (66,39) (74,69) (26,47) (32,73) (30,33) (34,74) (46,75) (47,30) (68,46) (37,41) (40,69) (31,73) (46,47) (43,41) (38,47) (62,67) (60,68) (45,75) (41,75) (32,63) (67,67) (74,73) (32,37) (66,38) (52,41) (49,75) (29,33) (26,53) (61,68) (59,74) (40,75) (70,68) (57,41) (58,74) (71,32) (32,53) (52,47) (58,47) (65,47) (45,37) (47,69) (60,47) (27,34) (51,38) (51,33) (26,55) (36,69)

Sample 5
Class: A
Image size: 105x105
Number of points: 80
Points:
(67,55) (31,69) (28,38) (35,43) (43,30) (35,72) (45,49) (50,38) (69,49) (68,50) (34,24) (49,52) (32,28) (70,43) (67,54) (44,50) (69,48) (40,48) (39,42) (45,39) (29,36) (62,55) (61,58) (39,68) (33,38) (50,39) (69,42) (36,31) (33,67) (42,54) (27,42) (31,47) (34,66) (66,60) (40,27) (39,20) (66,63) (62,52) (30,69) (37,29) (36,63) (53,48) (44,36) (36,48) (35,65) (64,64) (57,42) (39,27) (45,38) (62,42) (27,41) (30,33) (27,46) (55,48) (67,57) (34,42) (68,51) (62,54) (51,48) (66,62) (48,55) (57,48) (36,64) (41,55) (42,29) (43,31) (62,60) (37,30) (48,29) (47,56) (48,32) (33,40) (39,59) (50,51) (34,36) (55,42) (40,67) (33,74) (42,63) (70,47)

Sample 6
Class: C
Image size: 105x105
Number of points: 80
Points:
(65,43) (41,33) (31,35) (47,77) (63,54) (78,44) (66,32) (33,29) (32,48) (43,37) (49,77) (71,43) (70,38) (39,57) (33,71) (40,55) (45,71) (28,30) (25,36) (42,34) (64,38) (40,70) (21,32) (37,49) (56,71) (63,38) (63,55) (37,37) (65,32) (30,47) (34,49) (40,32) (73,48) (59,41) (64,43) (43,35) (71,48) (44,71) (31,53) (54,76) (67,38) (44,43) (71,38) (60,39) (57,53) (23,31) (61,39) (41,53) (18,44) (69,38) (17,36) (56,50) (22,32) (64,60) (44,42) (17,41) (59,59) (69,48) (29,47) (72,42) (54,42) (54,40) (57,52) (22,48) (19,45) (72,33) (51,77) (65,65) (38,69) (31,48) (25,31) (36,36) (70,43) (55,71) (78,43) (36,74) (39,56) (66,48) (55,47) (58,56)

Sample 7
Class: A
Image size: 105x105
Number of points: 80
Points:
(69,85) (73,77) (42,33) (71,61) (61,82) (66,40) (43,46) (61,25) (38,68) (49,20) (79,78) (67,80) (45,41) (75,58) (43,67) (55,27) (71,54) (54,87) (61,52) (42,34) (67,50) (41,77) (37,52) (73,64) (42,54) (78,63) (42,50) (64,81) (62,34) (73,40) (37,66) (76,60) (50,39) (66,86) (57,82) (37,51) (37,64) (51,81) (42,51) (37,49) (53,42) (62,82) (62,53) (83,71) (81,68) (68,42) (83,72) (71,38) (50,29) (65,48) (41,78) (61,87) (52,87) (42,55) (49,30) (61,44) (68,43) (52,41) (41,37) (58,23) (35,26) (55,45) (39,73) (50,86) (35,28) (76,70) (42,65) (59,87) (60,82) (39,41) (42,61) (75,75) (42,63) (44,45) (51,20) (66,31) (74,66) (44,43) (57,39) (72,78)

Sample 8
Class: C
Image size: 105x105
Number of points: 80
Points:
(77,60) (59,28) (72,65) (55,48) (62,34) (45,60) (33,36) (54,63) (26,66) (68,66) (62,52) (59,59) (65,67) (66,61) (72,58) (25,65) (77,59) (57,39) (31,61) (25,60) (40,49) (38,48) (28,50) (76,62) (36,61) (69,47) (27,50) (53,59) (41,32) (55,50) (67,47) (26,50) (22,53) (63,52) (54,64) (43,32) (63,36) (57,38) (65,47) (17,56) (63,38) (21,46) (30,31) (17,58) (54,57) (77,52) (73,64) (18,61) (61,30) (23,45) (45,58) (45,56) (59,66) (51,26) (37,66) (72,55) (32,61) (44,26) (17,54) (42,51) (40,58) (41,64) (24,65) (33,67) (56,46) (37,61) (39,59) (39,27) (36,53) (45,57) (32,40) (27,61) (57,35) (22,64) (38,27) (59,56) (67,66) (28,66) (44,32) (77,58)

Sample 9
Class: A
Image size: 105x105
Number of points: 80
Points:
(59,28) (25,49) (88,30) (44,21) (66,34) (18,41) (17,38) (45,32) (25,48) (49,38) (29,74) (89,35) (62,73) (70,44) (17,34) (84,24) (25,50) (40,18) (25,73) (19,56) (51,21) (68,38) (68,32) (68,67) (54,23) (36,76) (18,68) (42,20) (26,74) (78,19) (67,33) (19,32) (48,18) (24,64) (53,29) (51,33) (80,27) (72,50) (30,69) (35,27) (19,58) (48,32) (71,49) (38,71) (34,34) (31,75) (18,40) (87,29) (24,62) (24,73) (41,72) (35,76) (49,78) (73,29) (56,37) (32,27) (71,58) (76,19) (45,58) (67,69) (85,40) (70,42) (40,72) (18,32) (47,24) (66,60) (57,70) (18,65) (53,33) (78,26) (36,71) (58,75) (42,37) (33,70) (65,61) (55,77) (67,27) (42,77) (25,58) (56,76)

Sample 10
Class: C
Image size: 105x105
Number of points: 80
Points:
(45,31) (65,47) (41,57) (64,52) (72,63) (58,48) (44,32) (75,54) (72,62) (64,47) (51,30) (50,74) (62,52) (64,72) (65,54) (67,34) (65,52) (75,47) (38,62) (75,53) (63,66) (47,36) (66,52) (38,37) (40,68) (74,56) (38,63) (39,42) (73,60) (57,57) (55,69) (63,54) (59,54) (43,71) (42,70) (63,59) (74,41) (59,47) (43,40) (42,33) (41,42) (57,53) (68,68) (58,54) (74,58) (67,60) (44,64) (75,49) (63,47) (55,30) (66,54) (60,47) (45,37) (64,54) (63,38) (67,47) (42,41) (52,74) (48,68) (66,59) (40,42) (59,58) (50,30) (57,56) (60,37) (64,32) (38,40) (59,52) (63,73) (43,63) (48,74) (61,54) (67,61) (75,52) (52,30) (65,33) (74,43) (71,38) (58,52) (69,67)

Sample 11
Class: A
Image size: 105x105
Number of points: 80
Points:
(48,50) (43,83) (49,59) (57,71) (65,79) (62,76) (53,55) (81,65) (44,79) (56,53) (54,56) (51,69) (23,46) (57,44) (62,42) (45,31) (24,38) (56,51) (52,77) (33,37) (62,40) (55,72) (57,46) (43,84) (74,75) (71,84) (46,47) (58,29) (31,38) (41,49) (27,42) (56,57) (57,36) (62,49) (56,18) (46,77) (63,31) (45,46) (48,24) (56,25) (56,48) (75,72) (63,29) (63,17) (43,82) (56,47) (50,71) (75,71) (70,67) (61,54) (55,25) (62,44) (70,71) (63,30) (54,26) (60,63) (42,27) (67,82) (28,34) (63,33) (74,80) (42,50) (40,28) (43,44) (34,31) (43,80) (82,64) (20,42) (61,75) (81,60) (70,68) (77,67) (47,49) (60,66) (66,81) (44,26) (50,29) (62,39) (29,40) (62,45)

Sample 12
Class: C
Image size: 105x105
Number of points: 80
Points:
(78,64) (31,32) (72,35) (24,43) (59,37) (47,60) (23,32) (33,26) (74,52) (66,54) (63,66) (71,61) (18,55) (63,45) (67,28) (50,42) (42,45) (23,67) (62,44) (75,66) (68,54) (62,31) (62,66) (51,42) (53,43) (29,63) (68,61) (40,40) (56,53) (51,33) (82,59) (37,42) (46,63) (45,35) (61,43) (24,35) (64,30) (63,36) (68,46) (36,69) (22,61) (47,54) (23,34) (13,55) (66,46) (74,66) (39,52) (43,44) (18,57) (60,59) (60,56) (73,61) (43,29) (13,54) (32,68) (72,47) (24,62) (30,43) (39,28) (36,32) (49,42) (19,66) (47,61) (67,61) (37,27) (77,65) (22,44) (55,61) (60,37) (42,58) (57,63) (62,54) (54,44) (45,38) (66,61) (41,54) (34,63) (55,56) (42,48) (17,48)

Sample 13
Class: A
Image size: 105x105
Number of points: 80
Points:
(55,43) (75,69) (16,28) (80,30) (33,44) (52,51) (43,72) (64,58) (64,40) (78,68) (41,50) (39,62) (74,24) (49,55) (12,27) (82,42) (80,37) (63,43) (18,29) (52,50) (59,60) (10,22) (64,68) (89,61) (37,56) (63,51) (22,25) (58,32) (87,60) (80,46) (85,66) (44,59) (87,66) (50,54) (21,25) (65,33) (87,38) (30,30) (37,54) (66,72) (38,58) (58,29) (70,24) (89,66) (48,66) (64,36) (79,30) (63,42) (51,62) (9,23) (36,51) (14,27) (58,35) (17,29) (28,29) (80,67) (76,30) (84,40) (39,60) (70,72) (57,39) (36,52) (64,57) (64,56) (89,36) (55,55) (72,30) (75,48) (65,32) (62,65) (67,30) (83,25) (78,39) (33,45) (65,59) (11,22) (31,40) (56,41) (67,64) (94,63)

Sample 14
Class: C
Image size: 105x105
Number of points: 80
Points:
(56,57) (56,41) (64,56) (43,60) (54,57) (56,51) (70,50) (43,62) (43,61) (69,51) (66,56) (64,49) (65,42) (45,47) (49,64) (46,52) (53,46) (53,52) (43,31) (70,48) (52,57) (45,52) (43,65) (46,71) (57,57) (43,30) (50,41) (59,57) (64,50) (43,38) (68,55) (63,57) (44,67) (44,27) (54,41) (44,43) (44,55) (70,49) (43,35) (49,59) (69,46) (48,52) (51,41) (61,41) (70,47) (48,69) (67,42) (55,57) (49,30) (44,54) (60,41) (62,57) (54,51) (52,47) (43,66) (58,41) (64,48) (59,51) (49,61) (46,47) (54,47) (48,27) (67,56) (49,29) (49,40) (49,63) (55,51) (58,57) (43,40) (43,63) (69,44) (49,31) (49,62) (58,51) (44,45) (43,36) (49,60) (49,58) (44,28) (59,41)

Sample 15
Class: A
Image size: 105x105
Number of points: 80
Points:
(56,28) (39,55) (55,60) (63,60) (50,65) (62,38) (74,48) (40,64) (36,42) (48,41) (65,41) (33,31) (37,61) (74,47) (40,75) (61,38) (47,47) (59,66) (31,51) (58,66) (47,76) (47,59) (44,21) (53,66) (39,63) (48,47) (39,74) (42,78) (31,60) (74,52) (44,80) (36,27) (73,45) (42,68) (49,41) (49,84) (31,39) (30,58) (67,44) (48,60) (37,36) (68,46) (40,65) (36,39) (38,33) (35,43) (48,65) (43,79) (48,28) (57,35) (31,43) (38,54) (31,42) (69,54) (69,38) (51,60) (51,65) (41,22) (46,64) (30,59) (66,43) (68,37) (46,74) (30,54) (39,60) (32,62) (62,60) (51,24) (41,56) (33,64) (74,49) (38,72) (70,61) (32,35) (44,63) (71,41) (56,34) (73,57) (63,32) (30,57)

Sample 16
Class: C
Image size: 105x105
Number of points: 80
Points:
(48,39) (63,61) (39,66) (54,63) (42,66) (44,61) (33,62) (62,67) (69,33) (57,60) (61,32) (38,70) (37,61) (59,27) (63,40) (47,66) (70,45) (57,27) (57,56) (72,44) (63,63) (54,33) (54,32) (39,40) (67,40) (63,65) (53,45) (75,35) (70,37) (61,67) (56,68) (56,51) (32,68) (39,50) (60,48) (53,39) (60,35) (49,39) (55,47) (59,67) (52,67) (36,41) (66,32) (66,46) (55,30) (75,33) (41,39) (35,74) (55,63) (58,61) (48,45) (56,53) (63,66) (60,67) (37,73) (63,26) (51,39) (61,50) (68,32) (54,46) (35,45) (56,63) (38,71) (51,62) (62,56) (44,45) (35,61) (42,45) (64,32) (43,39) (67,46) (66,26) (40,60) (61,53) (53,67) (38,60) (75,38) (71,28) (65,46) (61,40)

Sample 17
Class: A
Image size: 105x105
Number of points: 80
Points:
(36,60) (39,35) (56,37) (30,30) (53,29) (73,53) (67,69) (26,34) (46,48) (57,80) (31,37) (72,58) (43,65) (72,57) (58,80) (37,61) (58,39) (66,60) (36,34) (68,68) (35,60) (72,51) (51,28) (38,47) (70,63) (41,57) (67,57) (56,81) (27,57) (47,31) (44,59) (48,51) (69,43) (62,35) (50,33) (65,46) (47,26) (54,30) (44,55) (36,49) (30,36) (71,45) (33,32) (31,46) (30,47) (40,48) (37,55) (57,38) (42,22) (44,38) (54,36) (72,49) (68,41) (27,35) (49,27) (55,36) (45,25) (66,48) (67,54) (46,25) (72,50) (55,30) (38,61) (61,77) (37,35) (56,31) (63,67) (52,64) (64,74) (61,34) (70,64) (59,72) (46,47) (29,30) (54,76) (67,53) (64,65) (40,28) (47,68) (52,59)

Sample 18
Class: C
Image size: 105x105
Number of points: 80
Points:
(45,53) (32,65) (40,34) (33,55) (49,68) (49,53) (33,31) (32,32) (50,43) (55,61) (48,35) (50,30) (46,34) (53,42) (55,62) (47,63) (36,60) (39,59) (54,43) (53,50) (31,61) (48,58) (43,43) (52,53) (31,57) (49,61) (46,53) (32,34) (43,34) (40,64) (39,64) (40,59) (47,38) (44,64) (51,53) (58,39) (41,53) (59,44) (54,64) (59,52) (42,53) (54,33) (48,43) (43,70) (39,69) (37,42) (53,49) (32,36) (37,54) (51,30) (42,33) (53,32) (57,59) (31,64) (31,62) (56,60) (47,34) (49,30) (59,43) (45,34) (37,63) (59,46) (44,53) (34,30) (41,43) (47,43) (57,58) (39,34) (46,64) (46,38) (50,60) (38,59) (34,41) (41,34) (53,65) (47,58) (39,37) (58,54) (59,42) (48,37)

Sample 19
Class: A
Image size: 105x105
Number of points: 80
Points:
(76,24) (58,87) (52,35) (69,65) (14,31) (59,52) (22,65) (57,88) (20,72) (29,71) (37,77) (24,74) (20,65) (30,20) (64,70) (60,75) (64,79) (52,34) (51,20) (44,29) (11,35) (63,80) (13,38) (46,41) (59,42) (24,18) (18,27) (24,65) (40,49) (48,23) (74,26) (52,85) (33,73) (52,20) (38,24) (46,86) (30,62) (49,30) (65,45) (46,51) (60,55) (51,41) (23,28) (43,45) (14,38) (43,83) (51,39) (44,90) (25,65) (64,69) (35,24) (21,22) (17,28) (50,86) (63,71) (79,21) (27,24) (35,54) (27,76) (37,52) (60,58) (28,70) (65,50) (66,60) (65,41) (65,52) (68,24) (11,36) (65,77) (24,69) (65,58) (66,61) (60,76) (12,38) (54,21) (62,30) (48,48) (69,69) (49,22) (38,30)

Sample 20
Class: C
Image size: 105x105
Number of points: 80
Points:
(34,46) (52,41) (56,36) (48,44) (31,46) (44,47) (35,36) (38,29) (44,59) (37,51) (36,39) (48,36) (34,50) (38,64) (52,42) (38,60) (43,49) (34,32) (48,50) (45,30) (43,51) (41,29) (44,54) (52,32) (57,46) (36,51) (50,50) (53,50) (39,73) (56,35) (38,62) (35,30) (44,57) (44,38) (34,33) (49,50) (44,56) (43,46) (38,68) (44,61) (56,48) (44,68) (52,39) (46,30) (58,41) (35,51) (34,31) (43,36) (38,53) (32,46) (57,40) (57,44) (44,65) (52,40) (57,37) (32,50) (57,38) (46,35) (51,38) (46,50) (38,58) (44,30) (43,73) (29,47) (48,31) (54,50) (33,50) (55,34) (38,70) (38,67) (42,47) (44,66) (39,72) (38,52) (45,48) (47,36) (35,35) (54,33) (42,74) (44,63)

Sample 21
Class: A
Image size: 105x105
Number of points: 80
Points:
(20,28) (49,39) (45,71) (44,69) (68,77) (43,79) (57,68) (69,77) (46,54) (64,53) (45,36) (39,68) (21,27) (52,69) (44,68) (63,52) (40,50) (31,25) (66,56) (73,73) (40,27) (40,53) (39,69) (59,68) (36,23) (38,25) (67,58) (40,51) (26,28) (20,30) (68,60) (44,79) (67,76) (27,24) (58,68) (45,78) (26,41) (40,54) (62,69) (39,72) (26,26) (37,31) (28,56) (26,29) (39,73) (26,39) (21,24) (22,48) (71,67) (59,74) (58,74) (44,37) (45,58) (45,59) (24,51) (45,61) (39,64) (65,55) (26,25) (46,55) (39,26) (26,55) (36,30) (40,77) (40,61) (29,51) (46,48) (26,36) (40,55) (41,28) (26,35) (60,56) (68,61) (51,33) (47,77) (67,59) (46,33) (60,74) (26,30) (70,65)

Sample 22
Class: C
Image size: 105x105
Number of points: 80
Points:
(37,72) (51,63) (35,34) (40,78) (38,60) (43,53) (50,54) (38,62) (37,71) (46,53) (52,55) (32,50) (32,52) (31,42) (48,59) (32,45) (32,72) (52,73) (32,73) (31,37) (32,62) (32,49) (51,64) (47,76) (32,53) (36,78) (39,53) (49,68) (31,38) (56,66) (56,63) (54,56) (55,68) (45,59) (48,75) (38,64) (51,65) (42,77) (32,47) (41,59) (37,47) (40,73) (38,66) (44,77) (49,75) (37,69) (32,67) (37,44) (44,53) (50,74) (46,59) (32,55) (32,56) (32,65) (37,50) (38,65) (45,53) (56,58) (40,59) (49,54) (37,42) (33,76) (56,59) (31,41) (37,48) (36,35) (32,61) (32,57) (53,72) (43,59) (31,39) (39,59) (31,40) (32,69) (36,37) (55,69) (37,49) (32,71) (32,59) (36,41)

Sample 23
Class: A
Image size: 105x105
Number of points: 80
Points:
(76,57) (32,28) (41,42) (70,59) (26,52) (50,19) (51,55) (41,23) (47,53) (66,66) (36,53) (43,43) (42,53) (52,26) (45,42) (37,20) (70,49) (31,29) (22,51) (29,35) (30,34) (42,21) (32,48) (63,62) (35,34) (57,62) (61,59) (43,15) (47,26) (48,17) (75,45) (74,41) (43,35) (69,74) (73,69) (52,56) (46,30) (33,48) (44,43) (45,48) (30,32) (46,22) (69,43) (70,55) (70,60) (47,24) (74,65) (72,71) (39,17) (74,67) (75,43) (50,34) (40,48) (76,56) (41,15) (55,52) (58,55) (70,39) (39,27) (61,69) (29,53) (34,25) (68,69) (70,73) (74,66) (63,76) (38,18) (44,53) (36,22) (43,53) (30,45) (76,52) (24,52) (52,29) (76,50) (44,33) (62,74) (70,51) (47,38) (62,61)

Sample 24
Class: C
Image size: 105x105
Number of points: 80
Points:
(32,76) (59,46) (59,41) (34,36) (59,73) (40,32) (36,58) (45,48) (61,32) (38,48) (43,32) (59,60) (35,60) (45,78) (25,71) (60,78) (29,76) (53,52) (46,47) (36,57) (63,65) (36,33) (55,62) (47,55) (33,40) (36,67) (51,72) (35,71) (53,72) (59,69) (55,63) (33,47) (40,77) (47,78) (35,55) (54,36) (45,72) (52,36) (48,72) (50,46) (61,78) (41,61) (58,37) (34,62) (44,58) (52,59) (60,72) (46,72) (59,45) (55,72) (31,65) (38,65) (50,72) (48,55) (64,34) (50,36) (24,72) (63,66) (44,78) (59,44) (59,31) (59,42) (52,72) (39,32) (38,40) (46,36) (34,51) (29,67) (57,66) (35,69) (60,31) (65,43) (24,73) (58,67) (64,67) (51,36) (65,41) (53,78) (53,60) (35,56)

Sample 25
Class: A
Image size: 105x105
Number of points: 80
Points:
(32,40) (42,33) (65,21) (45,89) (74,36) (63,66) (41,68) (68,50) (73,71) (44,33) (30,41) (23,41) (70,84) (47,58) (35,39) (74,77) (29,42) (57,84) (42,66) (79,37) (56,33) (36,34) (72,28) (40,60) (73,35) (38,87) (41,58) (64,30) (51,84) (69,44) (43,84) (71,46) (37,86) (72,27) (39,71) (57,70) (64,42) (66,43) (79,34) (68,86) (60,84) (34,81) (79,35) (73,47) (53,67) (40,39) (38,34) (47,39) (53,66) (64,47) (60,71) (74,72) (52,48) (37,64) (59,71) (33,34) (48,44) (70,51) (67,87) (40,88) (56,65) (34,69) (49,53) (56,90) (43,53) (34,73) (73,33) (58,44) (66,81) (46,59) (44,63) (50,84) (35,68) (62,46) (78,33) (40,81) (68,74) (54,36) (77,55) (65,66)

Sample 26
Class: C
Image size: 105x105
Number of points: 80
Points:
(53,31) (52,36) (40,63) (25,38) (22,47) (58,38) (49,38) (75,48) (65,41) (75,51) (37,46) (61,33) (74,43) (38,40) (45,70) (64,63) (74,45) (66,36) (58,69) (52,69) (55,63) (28,35) (65,62) (39,72) (60,38) (63,68) (36,67) (69,38) (47,75) (57,69) (47,69) (69,50) (29,65) (26,30) (42,28) (22,34) (49,30) (34,67) (17,45) (44,74) (23,41) (68,66) (38,57) (54,69) (45,71) (43,28) (36,62) (59,69) (61,63) (44,46) (16,47) (66,61) (33,43) (42,79) (38,56) (69,46) (49,59) (58,33) (50,79) (54,32) (38,38) (27,59) (24,57) (30,60) (64,40) (16,51) (48,69) (54,37) (69,47) (22,48) (69,51) (75,55) (20,37) (40,54) (38,63) (28,65) (64,35) (17,43) (44,60) (51,36)

Sample 27
Class: A
Image size: 105x105
Number of points: 80
Points:
(83,35) (65,54) (55,34) (17,26) (80,23) (78,20) (83,37) (80,45) (44,70) (65,50) (60,34) (26,27) (91,40) (53,67) (68,78) (84,39) (21,29) (75,58) (73,60) (70,56) (61,39) (68,58) (31,19) (40,23) (58,47) (61,59) (66,55) (79,33) (74,31) (36,68) (57,43) (73,20) (56,37) (67,58) (47,69) (68,72) (51,74) (76,56) (74,37) (33,63) (38,18) (33,24) (79,51) (46,25) (79,35) (63,80) (63,44) (64,48) (47,20) (59,48) (27,21) (68,66) (29,66) (23,29) (91,43) (56,65) (79,37) (73,22) (58,46) (28,65) (89,36) (62,70) (43,75) (37,70) (54,24) (31,25) (89,44) (91,41) (58,65) (28,26) (58,29) (60,69) (22,60) (22,59) (30,20) (29,20) (73,25) (39,77) (74,41) (24,57)

Sample 28
Class: C
Image size: 105x105
Number of points: 80
Points:
(29,72) (25,66) (74,39) (28,71) (22,39) (47,52) (53,51) (22,41) (25,58) (68,47) (34,53) (53,69) (26,70) (49,72) (43,67) (36,67) (45,28) (56,54) (26,53) (47,36) (24,61) (29,49) (42,29) (35,67) (55,46) (73,41) (47,31) (38,67) (32,41) (32,72) (30,56) (68,39) (72,45) (73,29) (49,41) (69,28) (24,64) (27,50) (30,61) (22,40) (51,60) (56,41) (30,60) (25,68) (34,67) (41,32) (74,38) (58,41) (46,52) (37,67) (33,72) (56,55) (33,41) (48,66) (37,53) (39,73) (43,53) (40,67) (50,41) (25,46) (57,47) (45,73) (67,47) (67,41) (62,47) (27,51) (40,53) (46,73) (31,47) (47,37) (38,73) (30,58) (38,53) (47,39) (63,47) (69,30) (74,33) (39,53) (30,64) (30,46)

Sample 29
Class: A
Image size: 105x105
Number of points: 80
Points:
(33,70) (28,53) (74,35) (27,35) (10,56) (32,39) (8,57) (22,65) (46,39) (43,31) (25,29) (29,60) (69,69) (67,58) (43,37) (51,37) (26,23) (80,62) (65,55) (50,36) (16,61) (85,36) (27,23) (25,28) (73,48) (85,42) (80,66) (55,52) (80,63) (31,73) (65,11) (28,56) (68,32) (48,48) (80,61) (74,52) (79,52) (75,61) (83,34) (70,71) (47,40) (54,42) (33,40) (34,61) (65,23) (28,73) (77,26) (74,57) (78,36) (79,55) (33,69) (68,67) (64,20) (47,33) (28,49) (68,33) (71,19) (73,47) (73,76) (28,54) (32,34) (69,70) (53,40) (66,12) (87,40) (34,57) (62,59) (78,28) (28,43) (27,40) (48,51) (25,61) (17,56) (44,55) (79,53) (33,31) (64,54) (42,52) (48,34) (40,29)

Sample 30
Class: C
Image size: 105x105
Number of points: 80
Points:
(52,61) (28,47) (35,69) (28,55) (28,49) (49,34) (22,62) (52,58) (39,75) (69,49) (28,48) (46,67) (46,68) (53,73) (28,61) (69,40) (22,67) (45,41) (22,49) (28,45) (45,69) (75,60) (51,54) (24,34) (52,55) (76,65) (46,53) (29,69) (22,56) (46,61) (22,59) (42,75) (26,34) (22,64) (50,38) (45,43) (39,69) (52,59) (75,46) (60,72) (75,59) (70,64) (28,52) (22,52) (69,44) (45,46) (33,69) (28,65) (62,67) (30,75) (42,69) (47,74) (75,51) (46,54) (28,40) (59,73) (25,74) (28,64) (74,39) (37,75) (75,42) (52,74) (61,72) (51,50) (29,74) (22,46) (46,47) (56,73) (75,68) (28,43) (75,50) (71,70) (22,41) (64,72) (22,38) (51,44) (24,73) (34,69) (28,38) (35,75)

Sample 31
Class: A
Image size: 105x105
Number of points: 80
Points:
(64,66) (50,50) (58,16) (75,61) (43,46) (54,15) (72,41) (52,74) (52,21) (64,18) (55,63) (57,53) (34,21) (50,71) (66,20) (50,21) (65,67) (46,17) (59,48) (43,63) (72,34) (65,25) (48,81) (49,82) (54,63) (42,57) (42,59) (41,65) (42,58) (48,57) (56,21) (51,86) (44,71) (39,25) (50,84) (59,53) (40,24) (77,33) (40,71) (74,61) (60,70) (71,24) (48,42) (42,49) (72,66) (62,71) (56,63) (76,70) (48,58) (43,43) (51,45) (39,66) (58,53) (74,27) (74,47) (73,36) (62,23) (53,63) (35,77) (52,16) (70,44) (45,40) (49,21) (60,22) (73,74) (61,17) (40,65) (35,75) (39,19) (43,45) (63,18) (43,62) (60,64) (71,43) (37,20) (33,26) (57,69) (61,48) (36,74) (70,51)

Sample 32
Class: C
Image size: 105x105
Number of points: 80
Points:
(81,75) (39,76) (51,77) (69,57) (33,52) (59,57) (69,44) (75,76) (65,70) (57,51) (32,65) (58,57) (38,57) (48,34) (25,73) (35,76) (72,48) (57,76) (49,66) (84,72) (45,70) (53,32) (49,59) (66,76) (50,77) (55,62) (67,70) (68,57) (55,65) (82,64) (63,45) (28,62) (33,50) (74,70) (34,70) (41,52) (59,51) (55,69) (61,33) (25,74) (70,70) (62,43) (28,63) (42,52) (32,53) (48,51) (36,58) (68,76) (56,36) (49,68) (55,61) (46,38) (73,70) (73,50) (43,33) (77,56) (34,62) (42,76) (41,76) (52,31) (62,35) (67,50) (33,76) (84,73) (55,51) (37,70) (50,51) (49,58) (60,57) (53,25) (52,51) (60,41) (81,63) (40,52) (84,71) (42,57) (49,62) (79,69) (72,70) (69,76)

Sample 33
Class: A
Image size: 105x105
Number of points: 80
Points:
(21,42) (83,38) (82,35) (27,42) (36,52) (26,51) (55,47) (44,25) (81,81) (66,69) (50,48) (75,72) (56,39) (26,32) (60,42) (26,39) (28,45) (38,20) (66,55) (39,33) (72,70) (66,28) (44,15) (64,54) (50,58) (68,57) (65,69) (58,45) (21,38) (22,29) (70,31) (26,40) (81,33) (40,43) (49,56) (82,34) (48,51) (44,54) (62,64) (74,65) (62,40) (59,35) (83,72) (48,50) (67,69) (46,64) (57,70) (62,50) (39,47) (22,30) (82,69) (80,79) (61,41) (28,28) (63,53) (85,30) (43,53) (82,21) (42,52) (77,18) (82,23) (81,64) (44,20) (49,73) (39,13) (22,28) (64,63) (87,33) (82,22) (59,69) (84,28) (43,13) (21,33) (27,52) (37,47) (91,42) (73,62) (75,63) (76,64) (51,62)

Sample 34
Class: C
Image size: 105x105
Number of points: 80
Points:
(50,51) (40,69) (57,51) (36,31) (43,30) (55,54) (53,56) (46,48) (45,30) (32,74) (48,54) (41,41) (41,55) (60,41) (31,71) (56,52) (62,48) (40,37) (61,32) (58,32) (46,54) (34,36) (60,39) (68,37) (45,65) (41,40) (54,44) (64,40) (47,47) (54,32) (67,45) (65,47) (41,50) (41,58) (63,39) (68,38) (41,42) (49,61) (40,31) (57,32) (50,60) (47,46) (41,46) (41,51) (48,32) (44,30) (38,37) (55,32) (49,52) (63,48) (54,43) (36,66) (46,31) (41,39) (43,66) (52,49) (49,53) (41,44) (41,49) (55,41) (55,39) (32,34) (37,31) (41,31) (68,43) (67,34) (69,40) (34,74) (46,53) (41,68) (56,32) (60,48) (68,36) (39,70) (60,32) (68,41) (52,32) (48,55) (68,44) (41,38)

Sample 35
Class: A
Image size: 105x105
Number of points: 80
Points:
(18,30) (18,41) (44,33) (64,63) (16,39) (66,63) (40,52) (39,73) (76,62) (21,45) (46,51) (44,82) (65,78) (32,33) (61,74) (50,78) (47,30) (73,59) (43,80) (22,47) (76,27) (52,31) (48,57) (42,38) (17,30) (27,46) (39,66) (49,83) (29,67) (44,65) (40,53) (55,83) (43,44) (50,25) (72,68) (52,39) (52,84) (55,57) (30,59) (40,38) (28,48) (59,63) (46,50) (46,57) (14,34) (62,73) (76,64) (39,71) (29,51) (70,30) (54,83) (44,67) (44,40) (30,39) (57,77) (16,30) (69,30) (50,39) (39,33) (47,77) (25,43) (47,48) (14,32) (19,31) (58,20) (19,42) (52,57) (45,83) (51,39) (68,31) (28,33) (77,30) (37,57) (54,57) (61,63) (60,63) (24,62) (45,54) (51,24) (14,31)

Sample 36
Class: C
Image size: 105x105
Number of points: 80
Points:
(36,65) (64,41) (33,63) (74,69) (59,30) (45,62) (47,73) (38,70) (63,40) (52,57) (59,83) (42,50) (38,69) (21,49) (58,58) (21,63) (74,79) (24,49) (68,37) (36,50) (69,75) (19,60) (41,74) (59,62) (67,78) (62,39) (42,66) (18,58) (54,57) (49,80) (30,54) (74,77) (68,42) (37,48) (22,63) (56,30) (39,71) (47,63) (41,63) (52,76) (48,63) (50,75) (31,63) (41,54) (65,78) (27,63) (41,52) (45,71) (30,63) (48,79) (70,68) (20,61) (75,70) (43,67) (45,44) (27,53) (50,33) (56,78) (18,56) (43,76) (61,38) (75,72) (74,80) (51,57) (25,58) (32,49) (49,74) (74,68) (43,39) (44,77) (75,71) (62,84) (53,82) (75,73) (67,84) (47,35) (63,84) (40,43) (55,57) (58,35)

Sample 37
Class: A
Image size: 105x105
Number of points: 80
Points:
(50,73) (80,82) (81,82) (41,60) (45,53) (59,63) (71,28) (55,19) (71,27) (54,48) (81,44) (60,69) (85,69) (83,72) (81,74) (50,74) (42,65) (66,54) (41,58) (67,66) (70,75) (70,68) (47,34) (58,53) (67,19) (68,67) (52,28) (38,49) (54,62) (75,25) (78,29) (45,33) (70,53) (75,51) (57,53) (42,66) (37,43) (92,69) (53,67) (53,27) (51,64) (64,65) (48,52) (65,24) (39,50) (73,22) (72,29) (66,19) (77,28) (81,36) (50,47) (71,69) (76,39) (66,72) (76,35) (89,72) (51,63) (66,66) (38,46) (47,61) (84,79) (82,40) (37,41) (82,81) (60,63) (41,59) (69,19) (86,77) (42,42) (51,65) (78,75) (58,63) (46,57) (63,18) (81,43) (64,48) (63,24) (69,74) (46,28) (43,71)

Sample 38
Class: C
Image size: 105x105
Number of points: 80
Points:
(40,45) (54,57) (75,53) (41,46) (63,62) (72,40) (63,50) (62,73) (63,65) (89,66) (20,72) (55,53) (80,68) (33,58) (15,70) (35,58) (75,68) (56,56) (40,57) (16,71) (61,43) (63,73) (76,74) (39,53) (58,70) (77,68) (66,38) (26,41) (74,40) (50,48) (51,53) (73,40) (67,44) (75,57) (70,74) (30,41) (25,66) (27,59) (28,41) (69,68) (31,58) (27,60) (57,65) (59,71) (28,67) (23,72) (82,67) (70,42) (68,52) (29,41) (65,53) (53,62) (17,71) (17,36) (50,57) (74,34) (43,65) (27,41) (33,46) (40,68) (22,66) (27,72) (88,65) (68,58) (83,73) (86,65) (71,58) (78,74) (50,62) (39,38) (64,68) (24,35) (38,47) (70,52) (25,35) (33,52) (58,47) (37,43) (41,67) (64,40)

Sample 39
Class: A
Image size: 105x105
Number of points: 80
Points:
(72,66) (38,28) (68,42) (38,86) (44,66) (78,51) (33,66) (33,82) (34,21) (34,83) (30,78) (81,59) (45,66) (53,38) (75,58) (33,27) (52,79) (72,71) (41,81) (72,39) (39,44) (34,19) (44,60) (74,41) (32,50) (38,25) (76,59) (54,28) (39,86) (41,39) (49,38) (31,80) (47,67) (50,74) (33,50) (54,76) (52,69) (28,71) (28,59) (37,34) (33,70) (32,31) (43,86) (47,38) (45,22) (70,66) (57,65) (54,43) (33,68) (82,65) (62,34) (75,44) (29,76) (35,44) (34,44) (55,42) (82,64) (28,73) (33,26) (57,30) (44,86) (40,57) (52,43) (73,71) (55,29) (54,75) (32,30) (31,40) (66,31) (29,77) (69,44) (70,72) (39,55) (37,63) (37,31) (74,66) (78,70) (81,57) (30,53) (76,60)

Sample 40
Class: C
Image size: 105x105
Number of points: 80
Points:
(40,39) (45,41) (58,60) (21,51) (76,56) (50,66) (46,71) (26,54) (71,51) (44,28) (57,64) (58,58) (39,63) (72,56) (50,35) (59,71) (45,49) (58,53) (58,54) (44,55) (72,44) (45,63) (42,33) (63,59) (38,50) (22,48) (29,43) (30,49) (63,61) (28,43) (54,49) (62,43) (27,44) (39,62) (66,43) (49,44) (71,50) (63,51) (59,37) (38,51) (57,63) (52,49) (44,59) (51,44) (23,55) (75,57) (42,31) (53,30) (58,35) (38,53) (38,59) (44,70) (48,28) (46,37) (54,39) (33,49) (37,49) (56,71) (53,66) (45,42) (25,55) (40,65) (22,54) (71,43) (39,61) (64,43) (45,71) (58,71) (73,44) (38,43) (42,35) (22,45) (43,69) (47,66) (40,40) (54,31) (55,66) (44,62) (23,44) (58,55)


Test dataset:

Sample 1
Class: A
Image size: 105x105
Number of points: 80
Points:
(45,76) (63,34) (40,26) (66,81) (38,46) (34,44) (66,43) (23,38) (64,81) (35,33) (64,76) (65,69) (53,31) (65,73) (70,57) (53,26) (52,26) (34,32) (25,43) (28,44) (21,64) (36,74) (41,26) (24,71) (60,41) (40,80) (50,76) (34,79) (44,57) (43,43) (38,59) (32,73) (62,46) (46,25) (57,82) (33,38) (32,79) (15,52) (31,38) (24,43) (59,82) (64,51) (21,55) (38,32) (44,53) (38,52) (37,74) (44,45) (57,27) (46,81) (29,60) (21,68) (18,37) (15,55) (49,31) (22,70) (15,48) (65,75) (39,75) (70,53) (65,72) (65,40) (35,79) (44,31) (34,28) (56,76) (21,44) (63,47) (62,32) (71,59) (24,76) (15,54) (35,38) (38,54) (21,53) (15,43) (61,76) (61,45) (26,77) (49,76)

Sample 2
Class: C
Image size: 105x105
Number of points: 80
Points:
(58,27) (72,54) (30,56) (37,39) (66,51) (30,60) (58,40) (35,39) (66,48) (33,46) (59,41) (35,56) (52,58) (66,52) (44,40) (35,58) (33,44) (57,61) (72,61) (58,25) (46,40) (58,22) (72,42) (72,46) (51,41) (58,26) (71,39) (36,53) (58,59) (52,62) (52,61) (72,56) (37,50) (50,46) (52,56) (58,48) (58,36) (50,41) (52,36) (68,40) (72,52) (72,51) (66,59) (72,53) (62,47) (66,58) (52,63) (44,45) (52,64) (32,61) (66,50) (32,50) (52,30) (58,24) (58,32) (53,38) (66,55) (58,38) (61,47) (52,54) (57,63) (38,46) (57,65) (55,67) (72,48) (58,51) (72,40) (58,52) (56,19) (52,33) (30,59) (66,61) (42,44) (66,60) (65,41) (64,47) (34,60) (52,48) (54,19) (72,58)

Sample 3
Class: A
Image size: 105x105
Number of points: 80
Points:
(40,73) (58,42) (67,73) (50,36) (39,51) (31,44) (46,40) (31,60) (31,41) (29,78) (70,76) (32,27) (51,53) (30,72) (35,29) (25,37) (52,58) (27,52) (48,46) (36,32) (52,46) (35,81) (30,34) (60,34) (58,71) (36,33) (29,77) (31,38) (36,38) (45,70) (37,79) (45,41) (46,48) (63,76) (35,66) (25,45) (36,44) (29,52) (36,63) (39,67) (29,75) (35,68) (59,37) (27,47) (57,45) (19,33) (52,55) (55,29) (67,79) (26,46) (41,45) (31,28) (52,33) (53,32) (30,33) (30,30) (52,54) (68,74) (39,46) (22,50) (31,45) (59,38) (34,82) (29,84) (30,70) (57,46) (35,64) (50,43) (50,35) (60,35) (55,66) (52,57) (60,64) (46,69) (25,32) (19,36) (60,32) (59,63) (60,36) (28,47)

Sample 4
Class: C
Image size: 105x105
Number of points: 80
Points:
(39,45) (28,45) (50,77) (59,71) (64,40) (46,71) (45,44) (22,51) (41,72) (48,48) (41,35) (56,71) (29,78) (40,37) (27,33) (52,77) (47,30) (64,36) (35,48) (28,43) (21,68) (36,73) (34,73) (28,47) (27,66) (22,34) (22,43) (21,61) (44,28) (27,63) (56,48) (22,72) (22,53) (32,78) (37,73) (28,42) (32,53) (45,47) (64,33) (53,77) (28,34) (34,54) (32,73) (61,75) (47,77) (40,42) (58,76) (64,35) (64,44) (64,34) (59,34) (34,48) (21,67) (28,39) (41,78) (47,48) (41,32) (22,71) (39,78) (43,77) (35,54) (54,48) (39,46) (36,48) (21,65) (28,40) (56,53) (29,72) (28,35) (42,29) (38,78) (46,37) (51,77) (57,76) (52,54) (46,48) (27,58) (61,52) (54,71) (54,77)

Sample 5
Class: A
Image size: 105x105
Number of points: 80
Points:
(36,47) (29,79) (69,69) (40,13) (28,72) (26,47) (27,29) (44,32) (30,43) (38,30) (33,29) (38,35) (65,43) (69,44) (22,78) (32,42) (51,48) (44,41) (67,66) (67,64) (61,42) (36,22) (38,27) (43,56) (67,43) (36,21) (38,12) (46,48) (31,32) (29,43) (29,36) (69,58) (75,71) (69,56) (75,72) (26,30) (34,25) (44,34) (30,71) (31,20) (65,49) (70,74) (38,34) (43,57) (25,32) (30,21) (62,47) (70,48) (43,20) (59,48) (60,42) (44,28) (57,48) (64,72) (43,54) (26,80) (54,42) (39,36) (28,38) (38,55) (32,17) (39,38) (70,54) (31,43) (23,36) (38,29) (39,51) (37,20) (41,62) (46,42) (27,41) (35,61) (55,48) (61,47) (49,42) (47,42) (27,40) (44,53) (35,48) (68,43)

Sample 6
Class: C
Image size: 105x105
Number of points: 80
Points:
(27,32) (31,45) (75,49) (60,65) (60,52) (41,67) (45,47) (62,29) (76,34) (25,44) (72,38) (56,72) (40,44) (67,29) (66,34) (36,57) (27,49) (46,46) (41,57) (66,65) (33,51) (62,71) (55,39) (61,43) (70,29) (30,27) (53,66) (42,67) (78,39) (34,50) (61,56) (45,35) (62,45) (50,65) (78,45) (66,53) (78,46) (37,53) (47,45) (47,70) (61,35) (60,39) (42,55) (72,50) (55,38) (54,71) (68,45) (43,53) (45,69) (69,45) (35,45) (73,40) (55,72) (65,46) (36,61) (36,58) (24,41) (36,62) (30,38) (37,33) (34,45) (40,66) (78,47) (26,34) (47,42) (73,41) (24,40) (71,36) (40,29) (71,29) (25,43) (43,62) (43,32) (67,59) (61,54) (61,71) (73,39) (74,50) (47,64) (79,42)

Sample 7
Class: A
Image size: 105x105
Number of points: 80
Points:
(42,36) (54,19) (22,34) (45,70) (31,45) (24,39) (52,73) (55,27) (51,52) (63,34) (53,72) (37,77) (42,29) (38,46) (61,29) (49,68) (46,46) (55,59) (27,51) (26,53) (31,55) (42,37) (51,65) (34,72) (44,45) (31,56) (30,69) (30,63) (49,74) (41,49) (42,43) (56,69) (33,52) (30,46) (47,31) (56,64) (31,71) (39,47) (37,46) (31,35) (30,65) (31,77) (43,70) (25,58) (63,35) (30,66) (24,67) (42,50) (35,48) (30,57) (44,34) (55,70) (36,77) (45,26) (56,62) (33,36) (38,34) (58,35) (22,38) (27,75) (50,51) (52,26) (41,30) (61,30) (29,34) (29,40) (50,61) (40,31) (30,62) (38,77) (53,25) (31,42) (30,41) (21,38) (56,67) (30,47) (24,65) (46,25) (63,33) (41,42)

Sample 8
Class: C
Image size: 105x105
Number of points: 80
Points:
(46,63) (19,75) (46,29) (60,74) (69,62) (68,68) (38,29) (16,61) (21,58) (29,65) (12,73) (65,73) (61,52) (18,69) (23,57) (47,66) (17,69) (48,30) (17,60) (47,64) (55,47) (28,68) (28,43) (66,72) (35,30) (63,63) (22,74) (35,37) (8,66) (27,44) (9,68) (27,50) (40,34) (14,56) (47,59) (56,52) (54,67) (47,57) (47,65) (16,55) (29,37) (47,68) (45,29) (24,73) (41,34) (9,61) (63,52) (46,35) (31,33) (49,30) (48,54) (23,52) (33,46) (64,53) (54,42) (57,68) (33,41) (60,52) (22,68) (48,55) (15,62) (27,48) (49,47) (55,58) (48,40) (62,74) (52,62) (9,64) (59,51) (35,36) (17,54) (53,39) (25,58) (28,42) (23,74) (51,33) (63,60) (53,72) (24,62) (68,69)

Sample 9
Class: A
Image size: 105x105
Number of points: 80
Points:
(15,53) (43,22) (15,61) (47,69) (73,33) (44,62) (52,54) (16,66) (69,36) (49,62) (59,38) (44,73) (41,45) (34,75) (17,69) (48,66) (15,63) (32,81) (40,45) (38,51) (54,43) (27,33) (72,45) (49,64) (33,43) (42,66) (40,77) (29,82) (37,56) (47,52) (46,26) (40,70) (47,51) (75,38) (40,69) (43,40) (20,54) (76,44) (76,45) (22,82) (54,45) (24,77) (38,22) (23,73) (37,39) (26,33) (76,42) (20,59) (16,68) (17,70) (43,64) (44,23) (30,33) (76,46) (70,40) (15,59) (48,48) (19,80) (36,55) (47,67) (18,77) (43,74) (36,53) (44,61) (32,76) (19,52) (14,54) (21,65) (34,44) (70,41) (64,34) (47,39) (53,50) (33,75) (28,39) (45,40) (21,81) (17,74) (42,46) (65,33)

Sample 10
Class: C
Image size: 105x105
Number of points: 80
Points:
(46,70) (33,33) (56,39) (38,35) (49,43) (33,32) (31,40) (40,22) (59,61) (56,50) (57,28) (36,38) (38,23) (38,24) (43,52) (36,39) (54,60) (54,74) (45,56) (58,65) (53,48) (47,27) (45,75) (48,52) (61,38) (48,48) (50,48) (41,45) (56,42) (53,32) (41,74) (61,36) (52,75) (42,28) (37,25) (42,44) (37,71) (54,25) (49,52) (43,56) (60,58) (50,69) (41,30) (35,67) (46,52) (46,75) (36,27) (55,36) (48,28) (44,52) (46,44) (61,53) (54,52) (41,55) (32,35) (46,49) (54,43) (62,46) (62,45) (61,39) (52,52) (32,45) (36,40) (47,52) (53,64) (52,24) (41,54) (46,27) (32,34) (42,56) (38,34) (56,37) (55,26) (59,30) (32,36) (59,31) (55,73) (37,26) (61,56) (44,21)
