You are an expert in handwritten character recognition.

You are given a labeled training dataset of handwritten characters represented as point clouds.

Each sample contains:
- image width
- image height
- coordinates of black pixels
- class label

Your task is to classify the test samples.

Rules:
- Compare test samples only with the given training samples.
- Use geometric similarity of point arrangements.
- Focus on shape structure, position, and stroke patterns.
- Do not use external knowledge about characters.
- Do not describe machine learning algorithms.
- Output the predicted class for each test sample.
- At the end, compute classification accuracy using the provided labels.

Training dataset:

Sample 1
Class: B
Image size: 105x105
Number of points: 80
Points:
(60,35) (26,24) (35,56) (62,52) (68,49) (28,39) (33,34) (39,88) (32,32) (35,75) (27,25) (22,25) (27,33) (29,49) (29,51) (45,84) (58,24) (46,89) (62,46) (66,74) (35,49) (60,78) (68,56) (58,21) (61,41) (67,64) (29,41) (67,48) (35,64) (67,69) (59,33) (29,67) (35,65) (29,55) (63,26) (31,80) (35,87) (28,37) (61,69) (31,31) (41,89) (68,58) (62,67) (49,90) (67,45) (24,30) (22,27) (35,50) (35,58) (27,34) (36,79) (67,67) (29,42) (62,68) (62,66) (29,48) (35,55) (31,30) (29,43) (61,86) (36,80) (68,55) (44,89) (67,62) (29,28) (62,50) (62,61) (61,72) (62,55) (59,29) (35,48) (55,89) (42,84) (67,71) (65,79) (60,39) (68,52) (36,87) (68,54) (53,90)

Sample 2
Class: C
Image size: 105x105
Number of points: 80
Points:
(69,47) (73,54) (64,46) (54,46) (67,40) (39,40) (30,51) (53,50) (27,40) (52,34) (32,40) (43,40) (53,58) (44,40) (53,65) (53,47) (70,55) (52,36) (60,46) (59,46) (47,65) (47,49) (27,52) (26,42) (73,52) (50,29) (33,40) (29,52) (26,44) (42,46) (48,68) (65,45) (25,48) (53,66) (74,48) (48,29) (74,43) (74,50) (56,40) (26,51) (31,40) (66,45) (47,55) (61,40) (53,67) (57,46) (45,40) (47,52) (47,62) (72,55) (37,46) (47,50) (51,30) (47,58) (52,71) (74,45) (71,41) (52,35) (69,51) (52,38) (46,39) (30,50) (46,37) (47,53) (53,63) (47,59) (47,64) (53,64) (74,49) (39,46) (70,41) (25,45) (53,54) (37,40) (71,55) (47,57) (67,45) (65,40) (50,72) (74,44)

Sample 3
Class: B
Image size: 105x105
Number of points: 80
Points:
(53,75) (57,73) (24,71) (38,40) (57,72) (26,47) (51,52) (19,70) (55,68) (25,51) (29,55) (19,84) (27,60) (23,56) (37,32) (28,43) (41,41) (36,25) (50,48) (30,20) (54,64) (48,62) (48,41) (25,84) (40,41) (32,18) (37,26) (52,72) (49,67) (31,25) (62,83) (31,26) (36,21) (31,48) (18,83) (22,60) (35,42) (27,45) (22,89) (28,58) (29,41) (53,61) (32,34) (52,73) (54,63) (21,64) (47,57) (48,42) (24,77) (24,78) (30,53) (30,40) (37,29) (18,77) (24,69) (52,54) (51,49) (30,54) (46,53) (23,57) (28,89) (31,24) (24,70) (19,69) (50,68) (32,30) (58,82) (24,53) (19,85) (32,31) (29,85) (36,40) (62,77) (48,61) (52,55) (33,35) (59,75) (30,39) (56,80) (52,56)

Sample 4
Class: C
Image size: 105x105
Number of points: 80
Points:
(57,47) (26,37) (76,71) (26,39) (71,34) (67,31) (51,38) (51,47) (62,41) (48,69) (54,74) (36,74) (39,47) (45,69) (66,35) (61,41) (34,69) (48,30) (39,69) (37,41) (65,73) (40,69) (58,74) (46,47) (43,41) (38,47) (62,67) (35,74) (60,68) (57,74) (26,50) (32,63) (67,67) (54,47) (32,37) (66,38) (52,41) (72,39) (29,33) (26,53) (61,68) (26,48) (30,33) (70,68) (57,41) (63,73) (71,32) (32,53) (52,47) (58,47) (58,69) (65,47) (45,37) (30,72) (60,47) (27,34) (57,69) (47,75) (51,33) (26,55) (55,69) (27,65) (66,40) (33,47) (39,75) (32,51) (33,41) (62,73) (54,69) (50,32) (26,58) (28,70) (37,47) (26,63) (51,75) (26,51) (63,47) (75,72) (36,41) (45,39)

Sample 5
Class: B
Image size: 105x105
Number of points: 80
Points:
(46,53) (59,49) (32,50) (47,60) (55,43) (29,52) (72,65) (51,53) (45,30) (48,13) (58,74) (45,37) (56,72) (39,49) (78,69) (47,56) (45,29) (62,49) (25,58) (23,51) (35,44) (18,64) (19,73) (46,52) (83,80) (73,71) (81,73) (45,38) (56,43) (45,41) (51,38) (67,43) (36,50) (77,50) (84,78) (24,49) (78,55) (74,47) (73,69) (50,68) (65,49) (51,24) (45,35) (72,62) (45,50) (51,22) (46,12) (21,55) (54,43) (23,50) (37,44) (48,64) (74,73) (18,63) (51,74) (45,40) (51,30) (64,43) (23,73) (51,20) (83,76) (63,43) (48,63) (53,43) (45,22) (77,52) (72,57) (51,21) (25,57) (64,49) (51,37) (78,56) (22,74) (48,61) (58,49) (38,44) (69,44) (78,61) (50,17) (70,44)

Sample 6
Class: C
Image size: 105x105
Number of points: 80
Points:
(32,48) (41,53) (64,43) (18,44) (69,38) (17,36) (56,50) (22,32) (64,60) (44,42) (17,41) (59,59) (69,48) (29,47) (72,42) (54,42) (23,31) (54,40) (57,52) (22,48) (19,45) (72,33) (51,77) (65,65) (38,69) (31,48) (25,31) (36,36) (70,43) (61,39) (55,71) (78,43) (36,74) (39,56) (66,48) (55,47) (58,56) (59,75) (32,66) (26,51) (53,71) (44,40) (67,43) (66,32) (32,29) (38,67) (58,69) (73,40) (34,49) (63,55) (56,76) (17,37) (54,46) (59,65) (38,47) (32,53) (21,48) (29,53) (38,46) (41,71) (37,37) (57,54) (43,50) (54,39) (43,76) (49,71) (78,46) (30,53) (57,70) (20,47) (44,45) (59,41) (54,71) (75,47) (38,60) (39,57) (78,41) (38,61) (22,39) (27,35)

Sample 7
Class: B
Image size: 105x105
Number of points: 80
Points:
(89,40) (86,54) (35,61) (22,60) (20,59) (49,43) (87,32) (30,65) (36,39) (40,61) (18,42) (11,39) (84,37) (25,35) (78,27) (60,31) (41,39) (48,52) (74,58) (59,32) (15,51) (58,48) (83,59) (63,57) (57,37) (20,64) (63,63) (58,46) (62,53) (58,47) (40,39) (82,60) (80,62) (66,27) (45,33) (15,49) (65,38) (83,36) (16,55) (63,51) (85,31) (57,56) (49,39) (88,33) (36,34) (37,61) (41,55) (62,56) (66,58) (49,42) (43,50) (75,58) (31,64) (42,54) (43,49) (32,56) (58,50) (66,35) (25,65) (82,50) (11,40) (42,39) (24,60) (49,40) (36,55) (10,53) (45,59) (38,39) (43,40) (15,50) (69,32) (79,63) (10,41) (31,40) (59,42) (86,55) (71,32) (38,34) (27,35) (34,39)

Sample 8
Class: C
Image size: 105x105
Number of points: 80
Points:
(17,56) (63,38) (21,46) (30,31) (17,58) (54,57) (77,52) (73,64) (18,61) (61,30) (23,45) (45,58) (45,56) (59,66) (51,26) (37,66) (72,55) (32,61) (44,26) (17,54) (42,51) (40,58) (41,64) (24,65) (33,67) (56,46) (37,61) (26,50) (39,59) (36,61) (39,27) (36,53) (45,57) (32,40) (27,61) (57,35) (22,64) (38,27) (59,56) (67,66) (28,66) (44,32) (77,58) (57,36) (70,60) (57,42) (59,28) (55,49) (67,52) (62,45) (38,60) (29,50) (72,48) (43,32) (28,61) (50,26) (54,64) (60,28) (77,53) (20,47) (37,32) (56,27) (40,27) (38,48) (57,44) (69,47) (34,35) (30,61) (62,33) (35,46) (39,49) (17,55) (57,40) (62,67) (26,40) (43,52) (28,33) (39,66) (54,55) (78,56)

Sample 9
Class: B
Image size: 105x105
Number of points: 80
Points:
(57,48) (90,37) (39,78) (38,83) (52,52) (18,41) (51,57) (43,78) (58,42) (31,75) (84,33) (33,61) (62,73) (75,67) (33,63) (52,37) (35,72) (83,60) (88,27) (49,67) (81,70) (52,41) (84,67) (59,62) (47,83) (71,68) (24,45) (29,68) (17,47) (30,73) (85,54) (33,82) (65,73) (48,70) (83,68) (34,68) (57,54) (32,59) (57,52) (58,39) (51,55) (66,68) (73,68) (46,75) (49,80) (28,64) (51,60) (89,31) (48,71) (51,59) (52,47) (58,70) (85,49) (88,61) (85,53) (57,55) (41,78) (30,55) (46,74) (83,27) (76,72) (19,48) (52,39) (29,52) (49,66) (57,69) (43,84) (30,71) (65,68) (88,28) (52,40) (84,56) (57,50) (34,66) (84,57) (31,77) (28,63) (54,69) (36,74) (61,73)

Sample 10
Class: C
Image size: 105x105
Number of points: 80
Points:
(65,47) (63,52) (68,68) (42,58) (61,47) (67,47) (46,66) (69,53) (39,42) (69,45) (73,40) (65,39) (50,35) (47,67) (61,37) (69,46) (49,74) (54,75) (57,57) (52,69) (64,65) (46,37) (63,73) (64,38) (60,68) (63,54) (40,42) (61,67) (62,59) (51,69) (39,57) (66,59) (68,42) (41,34) (43,71) (74,43) (43,39) (75,47) (38,37) (74,44) (51,30) (63,66) (41,57) (52,35) (59,69) (46,31) (58,31) (58,58) (69,43) (39,66) (58,69) (43,62) (65,54) (66,34) (48,68) (38,59) (53,69) (60,54) (62,54) (67,52) (64,47) (65,71) (70,66) (51,74) (38,64) (49,35) (43,32) (57,52) (44,72) (61,32) (42,59) (38,63) (38,36) (67,60) (65,58) (42,70) (64,32) (66,40) (47,73) (59,58)

Sample 11
Class: B
Image size: 105x105
Number of points: 80
Points:
(28,89) (60,72) (28,84) (47,83) (30,90) (43,84) (34,59) (46,89) (53,79) (54,70) (23,75) (54,74) (35,65) (27,83) (54,73) (60,65) (22,82) (63,93) (34,38) (29,84) (48,88) (36,43) (67,94) (35,57) (45,84) (41,57) (56,63) (37,85) (41,40) (43,50) (32,61) (42,52) (27,81) (35,40) (58,89) (32,31) (29,72) (60,91) (54,85) (64,94) (28,76) (60,64) (37,34) (33,60) (55,64) (52,86) (36,64) (51,86) (28,75) (40,39) (53,85) (63,87) (31,90) (33,90) (36,91) (68,93) (42,55) (29,73) (37,45) (60,80) (68,92) (33,85) (43,49) (57,63) (43,48) (50,87) (42,90) (43,51) (59,90) (49,88) (44,90) (56,87) (29,74) (37,46) (22,76) (55,65) (24,72) (58,63) (27,78) (52,80)

Sample 12
Class: C
Image size: 105x105
Number of points: 80
Points:
(60,56) (47,54) (31,32) (73,61) (43,29) (13,54) (32,68) (72,47) (24,62) (30,43) (39,28) (36,32) (49,42) (19,66) (47,61) (67,61) (37,27) (77,65) (22,44) (55,61) (60,37) (18,55) (42,58) (57,63) (62,54) (54,44) (45,38) (66,61) (41,54) (34,63) (55,56) (42,48) (74,52) (17,48) (71,47) (60,65) (23,33) (61,36) (77,47) (75,52) (66,66) (77,56) (42,45) (17,65) (38,52) (42,60) (25,29) (68,54) (35,32) (58,47) (31,43) (55,33) (39,52) (13,58) (32,26) (45,64) (75,59) (72,54) (76,52) (46,30) (43,39) (33,49) (14,63) (13,57) (29,63) (45,30) (58,40) (61,43) (43,34) (73,66) (18,56) (72,33) (40,28) (31,63) (26,62) (24,43) (25,67) (46,36) (18,47) (47,60)

Sample 13
Class: B
Image size: 105x105
Number of points: 80
Points:
(43,7) (40,61) (69,52) (38,26) (61,37) (58,28) (35,55) (34,29) (51,83) (27,33) (21,58) (24,43) (61,58) (49,41) (50,53) (41,56) (40,55) (27,39) (32,55) (30,32) (17,51) (35,35) (54,70) (52,31) (46,21) (69,41) (44,47) (60,58) (19,41) (40,5) (44,42) (64,43) (53,67) (53,65) (52,86) (44,56) (55,32) (27,55) (33,61) (64,47) (64,46) (36,61) (50,50) (64,45) (34,35) (68,38) (52,63) (43,38) (24,53) (39,15) (44,45) (45,55) (69,50) (23,51) (52,87) (51,84) (63,32) (62,57) (39,13) (61,30) (58,58) (53,68) (49,46) (54,26) (55,54) (28,60) (29,32) (18,53) (52,85) (28,33) (41,23) (39,55) (69,40) (23,47) (50,77) (23,52) (57,83) (47,24) (44,46) (53,90)

Sample 14
Class: C
Image size: 105x105
Number of points: 80
Points:
(49,59) (45,52) (70,48) (55,57) (49,60) (43,30) (43,34) (69,46) (58,47) (44,46) (43,37) (44,55) (43,38) (43,66) (44,56) (60,41) (61,47) (43,29) (43,31) (70,49) (49,32) (60,47) (59,51) (63,51) (69,54) (55,41) (46,47) (53,52) (64,41) (61,41) (62,41) (49,35) (46,71) (45,47) (58,57) (66,56) (59,47) (49,34) (43,40) (53,46) (45,71) (50,41) (49,67) (51,57) (70,50) (46,26) (65,56) (50,52) (53,57) (54,41) (54,51) (54,47) (61,57) (48,69) (44,45) (62,57) (49,61) (56,41) (52,57) (44,44) (56,51) (44,57) (50,57) (52,52) (49,65) (66,42) (59,57) (43,32) (49,40) (65,42) (44,68) (63,41) (43,61) (47,71) (49,52) (47,26) (64,50) (67,42) (53,41) (57,57)

Sample 15
Class: B
Image size: 105x105
Number of points: 80
Points:
(50,23) (57,76) (30,56) (24,65) (30,49) (60,70) (64,75) (66,80) (54,35) (24,67) (53,68) (31,32) (70,80) (59,68) (28,40) (47,31) (24,58) (47,29) (24,57) (48,33) (56,60) (58,65) (52,63) (52,66) (51,59) (24,61) (25,71) (39,26) (50,57) (45,23) (56,74) (56,58) (48,18) (34,37) (58,67) (50,45) (47,17) (50,54) (55,40) (30,64) (51,25) (41,23) (35,36) (34,38) (30,65) (26,44) (46,28) (37,30) (29,71) (61,72) (25,52) (60,71) (30,51) (50,49) (54,34) (33,28) (54,33) (30,48) (67,80) (30,70) (28,39) (51,24) (31,47) (43,22) (46,26) (53,31) (67,76) (57,63) (51,60) (55,42) (25,53) (62,79) (63,74) (24,64) (44,16) (35,34) (56,51) (39,25) (50,46) (27,41)

Sample 16
Class: C
Image size: 105x105
Number of points: 80
Points:
(58,61) (63,65) (36,74) (51,39) (62,56) (44,45) (53,67) (35,61) (42,45) (64,32) (34,74) (43,39) (67,46) (66,26) (40,60) (61,53) (67,40) (38,60) (75,38) (37,61) (71,28) (34,61) (33,72) (65,46) (52,62) (61,40) (42,61) (51,45) (66,32) (69,33) (67,27) (58,27) (52,67) (40,48) (49,67) (61,32) (44,39) (61,50) (60,33) (46,45) (54,46) (35,45) (47,61) (33,65) (51,62) (56,51) (62,45) (57,57) (56,63) (70,34) (53,45) (43,61) (62,32) (36,48) (39,60) (50,67) (69,39) (57,27) (49,62) (39,66) (70,38) (71,45) (63,61) (44,66) (36,44) (63,62) (48,62) (61,51) (32,68) (73,43) (55,28) (48,45) (60,39) (76,36) (68,32) (40,66) (54,32) (60,38) (57,58) (65,26)

Sample 17
Class: B
Image size: 105x105
Number of points: 80
Points:
(39,24) (16,54) (49,47) (32,40) (27,46) (39,29) (28,46) (32,46) (64,46) (60,53) (24,41) (41,12) (23,49) (23,41) (34,40) (64,47) (56,42) (46,39) (38,18) (35,40) (38,15) (58,42) (43,59) (19,59) (28,40) (60,50) (49,42) (43,13) (45,33) (49,79) (44,80) (44,27) (21,57) (29,46) (54,48) (39,26) (43,57) (44,19) (24,47) (36,46) (66,58) (59,42) (42,48) (65,50) (39,25) (37,46) (50,81) (49,80) (65,51) (38,17) (61,56) (13,59) (49,63) (52,84) (53,48) (38,41) (39,46) (17,53) (44,79) (38,19) (41,47) (18,46) (31,46) (66,54) (43,67) (50,47) (15,56) (35,46) (44,20) (44,21) (43,76) (48,51) (40,30) (49,70) (49,73) (46,40) (23,52) (60,52) (47,50) (18,49)

Sample 18
Class: C
Image size: 105x105
Number of points: 80
Points:
(49,68) (54,43) (53,50) (31,61) (48,58) (43,43) (52,53) (31,57) (49,61) (46,53) (32,34) (33,67) (43,34) (40,64) (39,64) (40,59) (47,38) (39,69) (51,53) (58,39) (41,53) (59,44) (46,69) (59,52) (42,53) (54,33) (48,43) (45,53) (44,64) (37,42) (53,49) (32,36) (37,54) (51,30) (42,33) (53,32) (54,63) (51,67) (45,64) (35,69) (47,34) (41,59) (49,30) (50,60) (42,59) (36,61) (59,43) (45,34) (32,66) (59,46) (44,53) (34,30) (41,43) (47,43) (31,60) (39,34) (45,69) (46,38) (50,68) (58,54) (33,39) (40,34) (54,46) (59,48) (36,69) (59,42) (31,59) (43,64) (41,29) (51,42) (43,29) (37,63) (54,34) (48,69) (41,70) (38,59) (58,53) (32,37) (39,37) (42,28)

Sample 19
Class: B
Image size: 105x105
Number of points: 80
Points:
(42,43) (34,40) (39,83) (38,90) (42,62) (33,31) (44,91) (34,88) (31,26) (31,34) (34,79) (46,44) (43,59) (36,65) (41,69) (39,55) (34,42) (43,58) (40,51) (40,53) (33,84) (44,85) (32,33) (31,29) (28,42) (50,88) (40,28) (39,32) (38,48) (36,68) (41,65) (41,73) (42,85) (41,64) (43,85) (42,91) (35,77) (30,37) (44,55) (41,66) (36,36) (34,49) (40,85) (40,78) (47,50) (31,28) (47,44) (37,62) (40,29) (35,24) (38,44) (41,50) (45,44) (42,60) (48,90) (37,60) (35,38) (29,41) (28,43) (32,30) (34,24) (29,48) (37,59) (43,91) (38,33) (40,30) (28,44) (37,48) (44,56) (39,82) (30,48) (48,48) (39,84) (39,54) (36,63) (41,43) (31,27) (36,44) (46,90) (37,25)

Sample 20
Class: C
Image size: 105x105
Number of points: 80
Points:
(43,51) (41,29) (44,54) (52,32) (57,46) (44,69) (36,51) (38,69) (50,50) (53,50) (31,46) (56,35) (38,71) (35,30) (44,47) (57,38) (40,74) (55,49) (54,33) (42,74) (45,35) (52,43) (44,65) (49,50) (38,63) (53,32) (48,50) (43,46) (42,48) (37,42) (29,48) (44,67) (44,30) (48,44) (29,47) (48,31) (57,44) (44,58) (55,34) (43,53) (46,50) (36,39) (38,67) (30,50) (51,50) (42,47) (38,53) (34,32) (35,36) (34,31) (38,64) (47,36) (35,35) (38,66) (34,46) (43,73) (34,50) (44,63) (38,68) (38,59) (52,50) (39,73) (58,43) (58,42) (57,45) (38,70) (46,42) (45,48) (31,50) (43,52) (38,58) (44,61) (44,38) (38,62) (36,38) (44,71) (44,60) (43,30) (37,43) (29,49)

Sample 21
Class: B
Image size: 105x105
Number of points: 80
Points:
(24,46) (47,42) (40,19) (48,52) (22,72) (18,21) (19,47) (52,66) (27,65) (13,19) (41,19) (49,54) (18,44) (26,21) (13,23) (49,56) (28,78) (29,19) (22,65) (24,83) (45,31) (48,48) (27,68) (28,71) (48,26) (13,20) (21,24) (25,51) (23,22) (62,71) (44,29) (19,19) (18,39) (51,63) (28,74) (22,74) (49,27) (20,54) (20,55) (47,43) (21,57) (54,59) (53,50) (34,19) (24,50) (27,20) (48,49) (22,23) (28,79) (54,56) (53,43) (53,39) (41,26) (19,50) (13,22) (18,26) (25,52) (49,57) (20,25) (22,80) (49,55) (18,25) (57,74) (18,23) (50,61) (28,72) (54,53) (13,16) (45,30) (52,34) (19,51) (27,69) (14,32) (24,36) (47,25) (25,27) (24,45) (18,24) (61,75) (48,50)

Sample 22
Class: C
Image size: 105x105
Number of points: 80
Points:
(39,78) (32,49) (44,77) (51,64) (32,52) (32,53) (43,53) (39,53) (49,68) (31,38) (56,66) (56,63) (54,56) (55,68) (45,59) (32,69) (32,56) (39,73) (32,57) (38,60) (46,70) (46,53) (32,64) (41,78) (32,70) (45,76) (56,64) (54,71) (38,67) (36,78) (32,54) (32,50) (56,58) (31,39) (32,61) (33,75) (38,68) (44,53) (43,59) (37,70) (45,71) (38,63) (50,67) (39,59) (48,75) (31,40) (37,50) (36,37) (32,73) (37,42) (37,49) (52,55) (32,59) (36,41) (32,67) (51,54) (43,77) (37,46) (56,67) (41,53) (31,34) (49,54) (36,35) (47,53) (53,72) (32,71) (37,47) (33,74) (46,76) (38,64) (38,66) (51,65) (38,52) (36,38) (38,61) (34,78) (42,72) (31,41) (35,34) (33,76)

Sample 23
Class: B
Image size: 105x105
Number of points: 80
Points:
(60,64) (52,80) (40,37) (51,86) (57,80) (33,64) (60,62) (71,75) (65,25) (81,31) (67,26) (31,46) (62,42) (50,38) (60,70) (41,84) (29,75) (28,69) (33,60) (59,34) (82,48) (57,44) (88,49) (59,35) (78,29) (63,44) (87,59) (37,76) (74,75) (33,63) (63,31) (81,66) (66,74) (70,69) (62,26) (80,75) (28,68) (28,72) (82,44) (63,82) (79,37) (30,49) (82,60) (63,25) (65,75) (34,54) (60,71) (82,59) (46,40) (59,78) (32,79) (71,32) (81,68) (88,54) (65,31) (86,68) (28,70) (60,67) (74,70) (68,26) (60,57) (54,29) (82,75) (33,57) (28,56) (82,45) (56,85) (66,54) (65,53) (44,84) (31,78) (78,75) (45,34) (85,72) (61,84) (50,86) (65,52) (79,36) (33,70) (29,53)

Sample 24
Class: C
Image size: 105x105
Number of points: 80
Points:
(47,46) (68,74) (32,76) (59,46) (59,41) (34,36) (59,73) (40,32) (36,58) (45,48) (61,32) (38,48) (43,32) (59,60) (35,60) (45,78) (25,71) (60,78) (29,76) (53,52) (46,47) (36,57) (63,65) (36,33) (55,62) (47,55) (33,40) (36,67) (51,72) (35,71) (53,72) (59,69) (55,63) (33,47) (40,77) (47,78) (35,55) (54,36) (45,72) (52,36) (48,72) (50,46) (61,78) (41,61) (58,37) (34,62) (44,58) (52,59) (60,72) (46,72) (59,45) (55,72) (31,65) (38,65) (50,72) (48,55) (64,34) (50,36) (24,72) (63,66) (44,78) (59,44) (59,31) (59,42) (52,72) (39,32) (38,40) (46,36) (34,51) (29,67) (57,66) (35,69) (60,31) (65,43) (24,73) (58,67) (64,67) (51,36) (65,41) (53,78)

Sample 25
Class: B
Image size: 105x105
Number of points: 80
Points:
(78,51) (79,55) (26,45) (72,40) (77,36) (32,20) (60,11) (75,28) (52,67) (55,68) (73,54) (43,70) (41,20) (72,38) (32,38) (28,62) (32,32) (57,74) (72,41) (48,67) (70,30) (70,20) (38,22) (56,16) (77,62) (27,27) (78,61) (48,17) (78,45) (32,49) (52,16) (32,70) (37,69) (26,42) (32,43) (28,25) (40,76) (33,27) (32,51) (31,68) (71,33) (71,22) (32,35) (49,67) (27,51) (39,70) (67,72) (27,52) (76,64) (38,70) (71,21) (72,44) (36,66) (59,68) (73,57) (33,57) (68,72) (39,21) (72,45) (42,76) (71,62) (70,64) (54,68) (26,49) (64,21) (41,76) (52,73) (32,28) (33,60) (66,67) (36,16) (31,21) (67,24) (78,43) (28,26) (67,25) (32,46) (76,33) (32,41) (66,16)

Sample 26
Class: C
Image size: 105x105
Number of points: 80
Points:
(74,43) (38,40) (45,70) (64,63) (74,45) (66,36) (58,69) (22,47) (52,69) (55,63) (28,35) (65,62) (39,72) (60,38) (63,68) (36,67) (25,38) (69,38) (47,75) (57,69) (47,69) (69,50) (29,65) (26,30) (42,28) (22,34) (49,30) (34,67) (17,45) (44,74) (23,41) (68,66) (38,57) (54,69) (45,71) (43,28) (36,62) (59,69) (61,63) (44,46) (16,47) (66,61) (33,43) (42,79) (38,56) (69,46) (49,59) (58,33) (50,79) (54,32) (38,38) (27,59) (24,57) (30,60) (64,40) (16,51) (48,69) (54,37) (69,47) (22,48) (69,51) (75,55) (20,37) (40,54) (38,63) (28,65) (64,35) (17,43) (44,60) (51,36) (22,45) (42,59) (49,43) (53,37) (39,35) (51,30) (47,54) (53,69) (49,57) (67,43)

Sample 27
Class: B
Image size: 105x105
Number of points: 80
Points:
(28,40) (37,58) (33,57) (28,44) (28,78) (28,80) (28,74) (30,57) (22,78) (47,22) (47,31) (53,64) (22,79) (22,73) (53,50) (47,47) (47,59) (21,26) (26,26) (45,52) (55,77) (49,74) (53,52) (23,83) (52,18) (53,33) (48,69) (22,37) (36,52) (28,61) (22,66) (53,25) (53,65) (47,26) (26,85) (53,44) (53,60) (55,84) (22,53) (26,29) (53,63) (22,72) (53,84) (44,52) (22,35) (27,36) (27,32) (28,62) (43,58) (24,85) (27,38) (28,45) (50,79) (49,78) (21,25) (53,24) (47,37) (40,58) (22,75) (55,80) (54,72) (22,39) (53,37) (36,57) (53,40) (22,56) (42,58) (28,79) (50,82) (22,77) (28,75) (53,20) (47,61) (39,58) (22,34) (53,67) (47,23) (22,49) (54,75) (53,41)

Sample 28
Class: C
Image size: 105x105
Number of points: 80
Points:
(32,72) (30,56) (68,39) (72,45) (73,29) (47,36) (49,41) (69,28) (24,64) (27,50) (30,61) (22,40) (51,60) (56,41) (30,60) (25,68) (34,67) (41,32) (74,38) (29,72) (58,41) (46,52) (37,67) (33,72) (56,55) (33,41) (48,66) (49,72) (37,53) (39,73) (43,53) (55,46) (40,67) (50,41) (25,46) (57,47) (45,73) (67,47) (67,41) (62,47) (43,67) (27,51) (38,67) (40,53) (46,73) (31,47) (47,37) (38,73) (30,58) (38,53) (47,39) (63,47) (69,30) (74,33) (39,53) (30,64) (30,46) (61,41) (55,41) (35,73) (70,46) (71,46) (41,36) (73,44) (41,31) (48,72) (23,43) (47,31) (68,35) (26,53) (72,27) (41,73) (47,40) (57,59) (36,67) (54,41) (26,52) (61,47) (28,32) (68,34)

Sample 29
Class: B
Image size: 105x105
Number of points: 80
Points:
(42,40) (21,17) (47,79) (48,80) (20,22) (44,37) (40,78) (33,75) (25,22) (31,82) (42,84) (28,14) (38,84) (26,36) (27,69) (40,42) (47,22) (47,83) (26,64) (38,78) (45,29) (39,78) (36,83) (32,13) (20,30) (34,46) (41,48) (29,19) (25,32) (19,29) (21,40) (36,51) (35,45) (27,44) (32,83) (36,19) (28,77) (27,43) (49,40) (25,28) (25,23) (27,72) (30,19) (20,32) (25,21) (25,62) (26,40) (23,52) (25,27) (25,60) (48,82) (33,13) (31,62) (45,32) (32,69) (50,29) (29,79) (30,54) (26,65) (33,76) (41,84) (39,49) (35,51) (50,36) (26,38) (39,43) (51,31) (20,18) (45,36) (24,54) (20,19) (33,71) (44,19) (41,41) (45,31) (50,26) (31,13) (44,27) (45,35) (19,26)

Sample 30
Class: C
Image size: 105x105
Number of points: 80
Points:
(29,69) (22,56) (46,61) (22,59) (42,75) (26,34) (52,55) (22,64) (46,53) (50,38) (45,43) (39,69) (52,59) (75,46) (46,67) (60,72) (75,59) (52,58) (70,64) (28,52) (22,52) (69,44) (45,69) (45,46) (33,69) (28,65) (62,67) (30,75) (42,69) (47,74) (75,51) (46,54) (28,40) (59,73) (25,74) (28,64) (74,39) (37,75) (75,42) (52,74) (61,72) (51,50) (29,74) (22,46) (46,47) (28,61) (56,73) (75,68) (28,43) (75,50) (71,70) (22,41) (64,72) (22,38) (51,44) (24,73) (34,69) (28,38) (35,75) (37,69) (27,35) (66,66) (22,55) (47,33) (45,75) (50,39) (28,37) (22,68) (70,62) (70,38) (49,74) (45,38) (28,39) (23,36) (70,57) (59,67) (69,48) (75,44) (76,67) (69,65)

Sample 31
Class: B
Image size: 105x105
Number of points: 80
Points:
(41,50) (41,41) (49,82) (20,23) (49,78) (45,77) (40,62) (26,26) (44,76) (41,39) (33,25) (41,28) (34,62) (41,43) (34,61) (41,25) (41,31) (32,19) (37,19) (36,36) (40,52) (34,63) (41,47) (40,61) (36,42) (18,32) (24,33) (35,52) (36,39) (25,27) (17,35) (36,29) (31,25) (28,20) (35,47) (36,19) (42,32) (36,30) (39,21) (28,25) (40,72) (50,82) (38,20) (18,33) (31,20) (41,44) (41,49) (24,32) (44,82) (24,31) (23,21) (27,26) (40,57) (17,36) (40,65) (42,37) (17,38) (36,32) (42,36) (35,26) (36,31) (35,46) (37,78) (35,74) (24,21) (23,35) (35,54) (23,36) (34,66) (41,40) (41,51) (20,24) (36,37) (17,39) (18,31) (40,56) (36,76) (26,20) (36,28) (51,79)

Sample 32
Class: C
Image size: 105x105
Number of points: 80
Points:
(50,77) (55,62) (67,70) (68,57) (55,65) (82,64) (63,45) (58,57) (28,62) (33,50) (74,70) (34,70) (41,52) (59,51) (69,44) (55,69) (61,33) (25,74) (32,65) (25,73) (70,70) (62,43) (28,63) (42,52) (32,53) (48,51) (36,58) (68,76) (56,36) (49,68) (55,61) (46,38) (73,70) (73,50) (43,33) (77,56) (34,62) (51,77) (42,76) (41,76) (52,31) (62,35) (67,50) (33,76) (84,73) (55,51) (37,70) (50,51) (49,58) (60,57) (53,25) (52,51) (60,41) (81,63) (40,52) (84,71) (69,57) (42,57) (49,62) (79,69) (72,70) (69,76) (55,60) (62,57) (75,54) (73,60) (61,70) (46,70) (39,39) (26,70) (65,57) (50,32) (84,74) (57,51) (36,45) (47,26) (25,72) (32,76) (82,75) (56,57)

Sample 33
Class: B
Image size: 105x105
Number of points: 80
Points:
(16,51) (60,54) (11,66) (44,57) (38,70) (44,86) (66,58) (44,80) (68,84) (61,66) (66,59) (62,79) (67,79) (15,77) (38,52) (11,68) (37,50) (44,84) (60,53) (14,84) (24,45) (62,82) (45,44) (61,45) (52,44) (31,44) (15,73) (36,50) (43,93) (60,57) (57,45) (65,50) (32,44) (44,56) (9,81) (67,76) (67,69) (44,91) (39,91) (15,79) (44,79) (36,44) (38,83) (8,85) (10,73) (34,44) (14,83) (38,61) (63,83) (38,62) (67,80) (61,74) (22,53) (52,49) (47,49) (58,50) (44,58) (38,54) (39,92) (68,82) (44,59) (16,68) (61,60) (67,71) (62,46) (44,72) (13,86) (60,58) (18,57) (44,63) (21,47) (44,44) (45,49) (16,70) (44,78) (56,44) (44,52) (63,47) (10,75) (17,66)

Sample 34
Class: C
Image size: 105x105
Number of points: 80
Points:
(41,58) (58,32) (48,54) (46,31) (41,39) (54,38) (51,58) (41,51) (69,40) (34,32) (53,32) (47,41) (54,55) (35,74) (40,31) (40,37) (63,42) (36,31) (50,38) (41,61) (33,35) (47,47) (39,70) (41,42) (36,37) (33,69) (60,39) (37,72) (66,46) (48,55) (54,43) (53,46) (67,34) (54,32) (56,52) (41,44) (47,32) (59,32) (63,48) (47,39) (37,65) (68,43) (44,65) (47,43) (39,31) (38,71) (52,49) (41,52) (36,73) (68,44) (41,46) (62,48) (52,37) (47,46) (32,74) (50,60) (60,42) (68,35) (53,47) (64,33) (49,53) (41,31) (46,52) (32,34) (41,56) (53,37) (57,50) (41,47) (68,42) (58,49) (54,45) (68,37) (68,36) (51,37) (47,63) (31,71) (42,30) (35,36) (62,38) (59,48)

Sample 35
Class: B
Image size: 105x105
Number of points: 80
Points:
(52,52) (29,28) (53,31) (29,26) (48,37) (23,71) (29,73) (53,83) (52,83) (57,79) (24,68) (35,19) (34,26) (30,61) (51,83) (53,26) (48,57) (29,65) (45,17) (41,54) (54,68) (48,65) (53,25) (60,83) (40,49) (56,84) (40,80) (29,36) (48,64) (46,32) (28,52) (46,54) (49,77) (34,33) (40,23) (50,35) (48,71) (28,54) (54,69) (45,54) (35,77) (53,24) (24,62) (45,49) (42,49) (54,77) (30,39) (48,74) (48,28) (34,32) (53,54) (42,17) (48,66) (48,58) (25,58) (29,72) (53,58) (26,57) (31,40) (26,77) (27,56) (30,37) (54,66) (53,56) (39,77) (58,84) (24,64) (35,54) (29,66) (48,62) (48,29) (38,84) (61,82) (38,37) (36,83) (24,75) (42,42) (24,72) (29,24) (29,68)

Sample 36
Class: C
Image size: 105x105
Number of points: 80
Points:
(74,80) (21,49) (22,63) (51,57) (25,58) (32,49) (49,74) (74,68) (43,39) (44,77) (65,78) (75,71) (62,84) (53,82) (75,73) (67,84) (47,35) (42,66) (63,84) (63,40) (40,43) (55,57) (36,65) (36,50) (58,35) (70,71) (46,63) (50,75) (68,42) (58,30) (47,42) (28,58) (31,57) (72,82) (58,83) (75,76) (43,68) (70,70) (57,78) (51,81) (31,49) (53,63) (49,33) (67,78) (67,42) (57,62) (48,73) (39,45) (22,49) (55,63) (26,63) (52,63) (69,77) (32,55) (59,83) (63,78) (40,42) (43,76) (54,77) (30,63) (51,38) (59,62) (45,44) (62,32) (35,50) (52,57) (57,83) (18,52) (37,49) (75,74) (56,78) (46,57) (46,72) (41,53) (18,54) (51,75) (39,71) (63,33) (31,54) (45,77)

Sample 37
Class: B
Image size: 105x105
Number of points: 80
Points:
(52,75) (71,55) (56,52) (52,16) (73,39) (73,38) (30,46) (56,22) (47,74) (62,25) (61,69) (38,36) (49,51) (37,48) (67,37) (64,59) (36,27) (73,44) (63,63) (61,68) (56,80) (66,46) (54,75) (55,52) (42,77) (57,52) (49,75) (43,50) (45,50) (60,78) (67,34) (58,46) (43,78) (51,75) (67,23) (65,29) (64,27) (30,43) (62,46) (42,27) (72,35) (63,51) (65,30) (39,66) (66,54) (35,30) (46,74) (53,52) (30,55) (37,63) (52,80) (66,69) (53,81) (36,72) (72,33) (53,46) (41,30) (73,46) (65,58) (45,79) (40,22) (72,50) (47,17) (32,63) (71,29) (37,37) (65,72) (62,65) (38,64) (36,53) (68,63) (30,54) (71,57) (60,23) (44,73) (45,18) (67,40) (55,46) (60,18) (67,45)

Sample 38
Class: C
Image size: 105x105
Number of points: 80
Points:
(58,47) (28,67) (68,52) (37,43) (63,62) (64,68) (88,65) (41,67) (25,66) (64,40) (68,68) (72,40) (31,51) (31,67) (54,57) (30,67) (30,35) (48,62) (32,67) (37,47) (63,60) (78,39) (27,72) (54,48) (39,53) (25,35) (53,62) (63,50) (56,56) (80,38) (47,62) (74,40) (49,48) (32,47) (76,68) (67,74) (77,56) (78,74) (15,70) (36,71) (63,61) (69,42) (86,70) (29,41) (30,47) (34,36) (66,68) (17,67) (36,52) (80,68) (74,53) (75,74) (70,52) (69,52) (30,51) (35,66) (80,73) (65,39) (27,41) (69,58) (34,52) (28,72) (22,41) (74,74) (25,41) (55,48) (32,41) (79,74) (73,53) (65,73) (36,58) (63,65) (30,41) (70,68) (34,71) (71,58) (76,57) (54,62) (38,37) (37,71)

Sample 39
Class: B
Image size: 105x105
Number of points: 80
Points:
(25,39) (53,67) (18,72) (70,57) (47,63) (30,68) (74,68) (55,61) (42,74) (33,16) (32,68) (18,62) (37,31) (25,73) (19,67) (46,54) (66,67) (27,54) (74,69) (19,57) (47,61) (18,58) (60,61) (76,73) (40,74) (25,48) (34,74) (68,68) (63,61) (38,27) (32,27) (31,40) (33,68) (36,19) (17,47) (15,51) (23,68) (31,68) (32,16) (71,53) (16,49) (52,59) (37,51) (42,57) (47,62) (35,56) (35,36) (13,64) (40,51) (38,28) (13,67) (75,59) (32,55) (33,38) (32,39) (28,54) (42,68) (29,35) (71,76) (14,55) (48,72) (25,68) (35,17) (18,46) (63,67) (37,33) (30,55) (47,65) (26,38) (30,41) (53,60) (45,59) (28,49) (18,65) (26,49) (31,49) (31,33) (23,73) (33,74) (67,61)

Sample 40
Class: C
Image size: 105x105
Number of points: 80
Points:
(30,49) (71,43) (58,61) (57,65) (32,49) (54,40) (45,42) (65,43) (64,57) (46,37) (21,52) (64,56) (76,46) (53,44) (44,70) (55,72) (25,44) (58,59) (46,38) (37,43) (64,43) (76,53) (42,35) (61,68) (77,50) (44,52) (55,66) (44,56) (63,52) (66,43) (64,58) (25,55) (49,29) (45,63) (39,63) (38,54) (40,65) (54,72) (56,42) (70,49) (52,66) (68,49) (55,41) (58,57) (76,47) (69,43) (62,67) (54,31) (38,59) (63,59) (35,43) (54,49) (47,71) (52,36) (39,62) (55,49) (63,53) (38,52) (42,34) (27,50) (47,28) (73,44) (26,44) (59,37) (22,47) (44,51) (28,49) (74,44) (63,50) (23,55) (50,72) (48,49) (39,60) (48,28) (49,71) (56,33) (61,69) (55,43) (29,43) (52,30)


Test dataset:

Sample 1
Class: B
Image size: 105x105
Number of points: 80
Points:
(30,63) (26,30) (64,19) (38,69) (70,39) (70,37) (64,36) (30,31) (37,69) (69,29) (54,65) (46,75) (30,57) (69,27) (30,60) (36,49) (65,20) (59,20) (64,28) (27,36) (27,37) (60,54) (63,60) (47,75) (30,58) (25,35) (31,68) (62,63) (31,67) (37,75) (30,49) (32,36) (67,50) (63,59) (28,40) (61,17) (43,69) (64,32) (59,66) (51,74) (30,44) (46,69) (31,32) (34,74) (70,43) (40,75) (35,74) (63,46) (69,28) (30,45) (35,44) (32,73) (28,39) (60,22) (62,51) (59,56) (29,30) (35,46) (68,26) (59,57) (28,41) (36,62) (62,61) (35,45) (30,59) (70,34) (62,25) (42,69) (70,36) (70,40) (39,75) (33,74) (64,29) (36,68) (39,69) (36,51) (64,45) (70,32) (69,45) (69,44)

Sample 2
Class: C
Image size: 105x105
Number of points: 80
Points:
(70,39) (58,57) (51,41) (72,58) (30,58) (58,56) (58,27) (72,54) (30,56) (37,39) (66,51) (30,60) (58,40) (35,39) (66,48) (33,46) (59,41) (35,56) (52,58) (66,52) (44,40) (35,58) (33,44) (57,61) (58,25) (46,40) (58,22) (72,42) (72,46) (55,67) (58,26) (71,39) (36,53) (58,59) (33,61) (66,60) (72,56) (37,50) (50,46) (52,56) (58,48) (58,36) (50,41) (52,36) (68,40) (72,52) (72,51) (52,67) (72,53) (62,47) (72,57) (32,61) (44,45) (66,62) (66,58) (66,50) (32,50) (52,30) (58,24) (58,32) (53,38) (66,55) (58,38) (61,47) (52,54) (72,60) (38,46) (71,63) (35,55) (72,48) (58,51) (72,40) (58,52) (56,19) (52,33) (57,62) (31,61) (42,44) (68,65) (65,41)

Sample 3
Class: B
Image size: 105x105
Number of points: 80
Points:
(32,52) (40,34) (56,53) (40,15) (66,70) (22,77) (40,41) (59,56) (27,73) (53,35) (64,56) (48,27) (62,64) (51,43) (27,65) (22,74) (27,63) (37,37) (51,33) (35,48) (52,34) (23,59) (29,58) (26,77) (67,62) (31,45) (64,55) (39,16) (43,28) (53,47) (31,44) (54,39) (39,21) (21,69) (66,60) (41,24) (47,24) (58,55) (46,22) (60,58) (43,30) (71,66) (63,54) (60,59) (39,35) (22,76) (27,71) (72,72) (55,51) (36,38) (67,71) (44,37) (38,44) (27,50) (21,72) (56,52) (59,57) (31,53) (43,29) (41,40) (53,38) (40,22) (30,46) (44,16) (66,59) (36,39) (48,38) (41,15) (40,23) (45,21) (61,60) (27,67) (39,18) (53,45) (27,68) (29,57) (48,39) (40,42) (64,67) (70,73)

Sample 4
Class: C
Image size: 105x105
Number of points: 80
Points:
(52,77) (28,40) (35,79) (22,73) (38,48) (21,68) (28,45) (22,37) (28,37) (50,71) (55,54) (46,71) (21,69) (44,72) (46,33) (40,37) (28,34) (21,67) (47,54) (28,38) (48,48) (39,45) (50,77) (59,71) (64,40) (45,44) (22,51) (41,72) (41,35) (56,71) (29,78) (27,33) (47,30) (64,36) (35,48) (28,43) (36,73) (34,73) (28,47) (27,66) (22,34) (22,43) (21,61) (44,28) (27,63) (56,48) (22,72) (22,53) (32,78) (37,73) (28,42) (32,53) (45,47) (64,33) (53,77) (34,54) (32,73) (61,75) (47,77) (40,42) (58,76) (64,35) (64,44) (64,34) (59,34) (34,48) (28,39) (41,78) (47,48) (41,32) (22,71) (39,78) (43,77) (35,54) (54,48) (39,46) (36,48) (21,65) (56,53) (29,72)

Sample 5
Class: B
Image size: 105x105
Number of points: 80
Points:
(56,44) (64,24) (65,8) (21,56) (46,66) (61,31) (21,63) (26,40) (47,60) (57,43) (43,37) (84,46) (64,23) (37,43) (79,48) (67,43) (66,37) (53,54) (15,64) (82,43) (15,62) (20,65) (75,43) (60,32) (44,37) (59,35) (55,33) (65,37) (61,43) (66,43) (24,40) (50,46) (30,39) (21,60) (89,58) (40,43) (60,19) (62,29) (21,53) (63,43) (61,17) (67,7) (77,45) (42,37) (49,43) (68,37) (88,54) (16,65) (54,53) (20,66) (60,34) (58,25) (52,37) (21,64) (62,15) (50,69) (51,37) (88,53) (41,37) (67,16) (30,44) (22,48) (61,16) (78,47) (39,43) (55,32) (49,47) (16,66) (87,51) (33,43) (69,37) (34,38) (49,52) (63,12) (35,38) (21,52) (58,43) (67,37) (60,33) (80,49)

Sample 6
Class: C
Image size: 105x105
Number of points: 80
Points:
(67,29) (61,61) (55,41) (30,40) (41,60) (75,49) (70,45) (78,41) (60,41) (40,29) (60,39) (60,52) (25,47) (31,45) (27,32) (60,65) (41,67) (45,47) (62,29) (76,34) (25,44) (72,38) (56,72) (40,44) (66,34) (36,57) (27,49) (46,46) (41,57) (66,65) (33,51) (62,71) (55,39) (61,43) (70,29) (30,27) (53,66) (42,67) (78,39) (34,50) (61,56) (45,35) (62,45) (50,65) (78,45) (66,53) (78,46) (37,53) (47,45) (47,70) (61,35) (42,55) (72,50) (55,38) (54,71) (68,45) (43,53) (45,69) (69,45) (35,45) (73,40) (55,72) (65,46) (36,61) (36,58) (24,41) (36,62) (30,38) (37,33) (34,45) (40,66) (78,47) (26,34) (47,42) (73,41) (24,40) (71,36) (71,29) (25,43) (43,62)

Sample 7
Class: B
Image size: 105x105
Number of points: 80
Points:
(20,63) (36,29) (71,52) (76,50) (33,67) (38,60) (75,36) (76,48) (39,55) (76,49) (76,39) (61,33) (32,68) (62,24) (48,32) (45,51) (39,38) (25,36) (39,57) (75,52) (45,27) (73,58) (29,40) (63,32) (69,32) (67,57) (74,58) (30,62) (56,44) (58,52) (43,63) (26,56) (58,51) (68,58) (66,52) (61,34) (59,53) (68,52) (76,40) (23,40) (37,67) (82,41) (44,57) (45,54) (40,66) (56,39) (76,41) (45,52) (38,29) (56,42) (39,39) (61,41) (62,45) (62,44) (20,58) (34,30) (71,32) (79,33) (23,39) (27,34) (81,37) (39,28) (39,50) (45,45) (26,58) (81,52) (73,27) (44,37) (26,51) (26,49) (44,61) (52,26) (57,48) (81,53) (63,24) (76,46) (39,43) (20,51) (79,57) (44,58)

Sample 8
Class: C
Image size: 105x105
Number of points: 80
Points:
(61,52) (18,69) (23,57) (47,66) (17,69) (48,30) (46,63) (17,60) (47,64) (55,47) (28,68) (28,43) (66,72) (35,30) (63,63) (22,74) (35,37) (8,66) (27,44) (9,68) (27,50) (40,34) (14,56) (69,62) (47,59) (56,52) (54,67) (47,57) (47,65) (16,55) (29,37) (47,68) (45,29) (24,73) (41,34) (9,61) (63,52) (46,35) (31,33) (49,30) (48,54) (23,52) (46,29) (33,46) (64,53) (54,42) (57,68) (33,41) (60,52) (22,68) (48,55) (15,62) (27,48) (49,47) (55,58) (48,40) (62,74) (60,74) (52,62) (9,64) (59,51) (35,36) (17,54) (53,39) (25,58) (28,42) (23,74) (51,33) (63,60) (53,72) (24,62) (68,69) (31,60) (41,29) (19,69) (33,40) (23,66) (63,61) (68,67) (29,66)

Sample 9
Class: B
Image size: 105x105
Number of points: 80
Points:
(87,38) (69,60) (65,54) (40,69) (58,59) (59,44) (19,58) (54,63) (41,68) (69,54) (45,62) (56,53) (77,52) (56,51) (31,64) (34,70) (80,56) (58,44) (61,46) (38,64) (15,43) (32,64) (16,33) (81,44) (22,66) (18,52) (44,67) (47,61) (62,52) (23,55) (79,57) (63,59) (17,49) (21,47) (83,28) (76,53) (81,46) (15,39) (62,53) (15,41) (86,47) (42,63) (16,44) (56,47) (47,66) (18,57) (24,60) (60,44) (74,54) (86,25) (64,54) (82,39) (88,32) (86,42) (66,60) (22,50) (75,53) (41,63) (30,69) (74,59) (18,53) (51,59) (57,60) (26,62) (85,51) (87,26) (20,33) (57,45) (82,41) (17,50) (75,59) (46,66) (86,45) (61,59) (18,56) (62,48) (46,61) (73,54) (67,54) (62,47)

Sample 10
Class: C
Image size: 105x105
Number of points: 80
Points:
(62,44) (38,65) (42,52) (61,41) (35,43) (59,60) (40,47) (31,38) (36,40) (61,36) (55,35) (48,28) (53,63) (33,33) (61,40) (53,74) (51,75) (62,50) (52,66) (54,59) (53,32) (41,74) (55,34) (37,65) (51,48) (36,38) (59,63) (52,52) (39,66) (55,49) (54,52) (61,38) (46,27) (36,71) (56,39) (38,35) (49,43) (33,32) (31,40) (40,22) (59,61) (56,50) (57,28) (47,70) (38,23) (38,24) (43,52) (36,39) (54,60) (35,67) (45,56) (53,48) (47,27) (58,67) (48,52) (44,69) (48,48) (50,48) (41,45) (56,42) (37,71) (35,70) (43,75) (53,62) (42,28) (37,25) (42,44) (36,65) (54,25) (49,52) (43,56) (53,65) (41,30) (46,57) (46,52) (35,68) (36,27) (55,36) (40,73) (44,52)
