You are an expert in pattern recognition.

You are given a training dataset of handwritten characters represented as point clouds.

Each sample contains:
- image width
- image height
- point coordinates
- class label

Study the training samples carefully.

Then classify every sample in the test dataset.

Rules:

- Use only the geometric arrangement of the points.
- Compare the test samples with the training samples.
- Do not invent a new classifier.
- Do not describe machine learning algorithms.
- Output only the predicted class for each test sample.
- If labels are available, report the classification accuracy.

Training dataset:

Sample 1
Class: B
Image size: 105x105
Number of points: 80
Points:
(38,69) (70,39) (70,37) (64,36) (30,31) (37,69) (69,29) (54,65) (49,75) (30,57) (69,27) (30,60) (36,49) (65,20) (59,20) (64,28) (27,36) (27,37) (60,54) (63,60) (64,19) (30,58) (25,35) (31,68) (62,63) (31,67) (40,75) (30,49) (32,36) (67,50) (63,59) (28,40) (61,17) (43,69) (64,32) (59,66) (37,75) (30,44) (49,69) (31,32) (50,74) (70,43) (43,75) (51,74) (63,46) (69,28) (30,45) (35,44) (34,74) (28,39) (60,22) (62,51) (59,56) (29,30) (35,46) (68,26) (59,57) (28,41) (36,62) (62,61) (35,45) (30,59) (70,34) (62,25) (52,67) (70,36) (70,40) (36,66) (36,74) (64,29) (31,69) (42,69) (36,51) (64,45) (70,32) (69,45) (69,44) (64,35) (33,39) (68,25)

Sample 2
Class: A
Image size: 105x105
Number of points: 80
Points:
(77,69) (43,71) (25,40) (28,63) (39,76) (41,44) (51,39) (19,57) (23,52) (16,45) (82,71) (62,73) (30,65) (78,43) (60,73) (63,48) (70,78) (52,79) (70,33) (33,44) (48,30) (67,79) (74,47) (60,53) (78,44) (56,34) (17,43) (24,66) (34,75) (82,72) (26,60) (23,53) (44,72) (77,56) (41,39) (59,44) (39,39) (42,44) (74,77) (63,65) (65,63) (50,44) (75,77) (59,67) (37,55) (58,67) (44,53) (16,51) (35,39) (21,61) (77,59) (50,35) (47,78) (68,31) (73,36) (46,39) (28,71) (49,39) (60,79) (58,73) (82,54) (32,68) (55,34) (60,52) (37,52) (66,57) (77,62) (44,44) (83,64) (53,29) (36,75) (73,37) (59,73) (57,63) (77,77) (72,44) (29,72) (80,49) (67,37) (26,46)

Sample 3
Class: G
Image size: 105x105
Number of points: 80
Points:
(53,62) (34,37) (44,51) (59,67) (54,46) (60,67) (48,42) (66,52) (67,76) (63,74) (65,46) (65,44) (54,57) (65,45) (67,69) (51,69) (70,77) (44,54) (57,66) (37,38) (62,42) (45,57) (56,53) (60,49) (41,41) (55,71) (57,41) (58,41) (56,66) (51,41) (65,69) (46,43) (60,73) (49,65) (39,46) (72,76) (61,59) (65,47) (40,47) (57,53) (69,76) (65,54) (58,54) (56,46) (51,48) (46,62) (66,50) (60,48) (49,41) (43,43) (70,71) (39,40) (52,46) (36,37) (61,52) (61,51) (63,42) (51,60) (71,77) (59,73) (40,40) (52,56) (60,53) (33,40) (63,59) (63,68) (57,72) (62,68) (59,59) (60,50) (35,43) (36,44) (58,72) (66,49) (73,75) (53,51) (50,41) (54,52) (51,56) (51,49)

Sample 4
Class: C
Image size: 105x105
Number of points: 80
Points:
(38,48) (22,73) (21,68) (28,45) (22,37) (28,37) (50,71) (55,54) (46,71) (21,69) (44,72) (46,33) (40,37) (28,34) (21,67) (47,54) (28,38) (48,48) (39,45) (50,77) (59,71) (64,40) (45,44) (22,51) (41,72) (41,35) (56,71) (29,78) (27,33) (52,77) (47,30) (64,36) (35,48) (28,43) (36,73) (34,73) (28,47) (27,66) (22,34) (22,43) (21,61) (44,28) (27,63) (56,48) (22,72) (22,53) (32,78) (37,73) (28,42) (32,53) (45,47) (64,33) (53,77) (34,54) (32,73) (61,75) (47,77) (40,42) (58,76) (64,35) (64,44) (64,34) (59,34) (34,48) (28,39) (41,78) (47,48) (41,32) (22,71) (39,78) (43,77) (35,54) (54,48) (39,46) (36,48) (21,65) (28,40) (56,53) (29,72) (28,35)


Test dataset:

Sample 1
Class: A
Image size: 105x105
Number of points: 80
Points:
(53,31) (62,82) (70,56) (61,45) (62,33) (56,26) (21,55) (21,68) (24,71) (38,51) (15,52) (59,29) (33,38) (21,38) (64,51) (34,79) (34,44) (35,38) (43,25) (65,58) (33,74) (15,55) (44,31) (46,25) (69,49) (47,81) (38,59) (35,33) (57,27) (34,32) (59,76) (24,38) (19,37) (38,26) (68,47) (31,58) (27,72) (65,61) (44,45) (15,61) (55,26) (15,49) (21,52) (65,66) (21,62) (60,42) (65,74) (45,76) (16,67) (65,71) (49,25) (27,56) (48,76) (21,65) (44,58) (70,77) (65,68) (44,76) (40,62) (21,66) (60,76) (44,57) (65,54) (15,65) (53,26) (55,82) (41,39) (44,81) (51,31) (41,62) (54,76) (38,45) (64,38) (44,51) (65,70) (70,55) (46,31) (43,81) (15,60) (44,55)

Sample 2
Class: E
Image size: 105x105
Number of points: 80
Points:
(24,78) (13,58) (58,39) (67,49) (31,78) (58,44) (52,78) (69,61) (53,39) (13,60) (54,52) (8,67) (65,73) (45,72) (27,42) (69,55) (42,72) (53,78) (69,52) (62,76) (36,72) (19,49) (27,48) (64,74) (11,72) (64,63) (25,72) (61,40) (52,39) (13,47) (22,72) (27,50) (60,39) (15,54) (55,54) (67,70) (55,78) (9,69) (54,38) (47,45) (47,78) (63,42) (50,72) (64,60) (55,44) (60,70) (51,39) (10,44) (14,77) (56,78) (69,66) (18,40) (48,57) (18,54) (30,72) (20,40) (61,77) (7,58) (14,68) (70,59) (16,40) (8,49) (68,68) (52,47) (69,62) (7,53) (53,44) (12,42) (54,72) (69,64) (13,75) (53,56) (61,47) (13,56) (8,65) (13,62) (52,46) (12,74) (53,72) (22,46)

Sample 3
Class: C
Image size: 105x105
Number of points: 80
Points:
(27,62) (51,71) (28,34) (45,40) (22,72) (62,30) (52,54) (60,71) (58,53) (49,71) (41,31) (45,42) (43,77) (40,54) (27,77) (26,77) (32,78) (58,40) (49,54) (24,75) (64,37) (55,77) (22,58) (29,48) (41,78) (48,54) (64,36) (63,49) (57,76) (38,48) (39,46) (38,54) (56,48) (27,65) (59,32) (64,35) (58,45) (25,76) (22,46) (60,30) (45,45) (63,48) (39,78) (32,48) (28,36) (36,54) (22,36) (31,78) (51,77) (40,40) (49,77) (35,73) (40,73) (52,48) (36,73) (21,65) (22,48) (58,39) (46,28) (63,73) (40,39) (41,33) (22,56) (30,72) (27,56) (27,71) (35,54) (27,55) (39,47) (59,71) (39,45) (40,44) (27,61) (22,70) (22,60) (64,43) (34,78) (64,34) (32,53) (61,75)

Sample 4
Class: J
Image size: 105x105
Number of points: 80
Points:
(56,37) (73,18) (69,41) (48,18) (79,41) (56,35) (36,21) (66,47) (29,68) (78,37) (77,30) (76,46) (78,32) (52,46) (34,65) (33,67) (56,39) (50,31) (61,47) (55,50) (32,68) (56,33) (78,38) (46,18) (70,25) (74,21) (63,15) (36,45) (36,50) (75,22) (72,47) (30,58) (52,17) (68,47) (29,60) (49,23) (64,41) (29,29) (57,16) (65,47) (57,50) (73,34) (60,15) (72,41) (55,29) (42,19) (72,31) (50,34) (29,25) (78,43) (73,40) (78,44) (53,17) (59,15) (70,24) (29,27) (73,17) (29,33) (36,55) (30,57) (71,26) (30,36) (54,50) (67,47) (35,29) (35,34) (36,56) (62,20) (74,20) (74,46) (29,61) (29,64) (29,34) (36,54) (44,19) (35,42) (78,42) (30,47) (37,21) (32,19)
