You are an expert in pattern recognition.

You are given a training dataset of handwritten characters represented as point clouds.

Each sample contains:
- image width
- image height
- point coordinates
- class label

Study the training samples carefully.

Then classify every sample in the test dataset.

Rules:

- Use only the geometric arrangement of the points.
- Compare the test samples with the training samples.
- Do not invent a new classifier.
- Do not describe machine learning algorithms.
- Output only the predicted class for each test sample.
- If labels are available, report the classification accuracy.

Training dataset:

Sample 1
Class: A
Image size: 105x105
Number of points: 80
Points:
(82,71) (67,37) (63,29) (44,77) (28,45) (41,44) (30,44) (39,39) (78,76) (45,36) (56,73) (29,64) (48,35) (77,67) (82,54) (48,30) (47,30) (51,35) (71,43) (35,44) (77,60) (26,69) (64,29) (63,65) (19,42) (33,75) (72,72) (69,73) (65,54) (78,43) (40,56) (61,67) (51,45) (51,29) (49,78) (67,79) (49,39) (67,73) (80,49) (47,39) (58,43) (51,78) (64,49) (23,52) (65,35) (75,50) (21,50) (33,69) (59,44) (45,31) (39,76) (82,56) (57,63) (74,38) (16,52) (63,34) (77,64) (26,46) (28,71) (37,70) (16,51) (83,66) (55,41) (70,73) (58,34) (46,31) (48,73) (32,44) (72,78) (24,46) (44,36) (60,56) (43,71) (22,51) (51,39) (59,51) (58,50) (77,42) (53,73) (72,44)

Sample 2
Class: B
Image size: 105x105
Number of points: 80
Points:
(60,35) (26,24) (35,56) (62,52) (68,49) (28,39) (33,34) (39,88) (32,32) (35,75) (27,25) (22,25) (27,33) (29,49) (29,51) (45,84) (58,24) (46,89) (62,46) (66,74) (35,49) (60,78) (68,56) (58,21) (61,41) (67,64) (29,41) (67,48) (35,64) (67,69) (59,33) (29,67) (35,65) (29,55) (63,26) (31,80) (35,87) (28,37) (61,69) (31,31) (41,89) (68,58) (62,67) (49,90) (67,45) (24,30) (22,27) (35,50) (35,58) (27,34) (36,79) (67,67) (29,42) (62,68) (62,66) (29,48) (35,55) (31,30) (29,43) (61,86) (36,80) (68,55) (44,89) (67,62) (29,28) (62,50) (62,61) (61,72) (62,55) (59,29) (35,48) (55,89) (42,84) (67,71) (65,79) (60,39) (68,52) (36,87) (68,54) (53,90)

Sample 3
Class: C
Image size: 105x105
Number of points: 80
Points:
(47,60) (32,40) (51,31) (25,45) (72,41) (68,40) (39,40) (30,40) (47,65) (53,52) (52,39) (53,55) (53,47) (52,32) (46,32) (27,40) (66,40) (26,41) (26,51) (72,55) (49,72) (53,53) (61,40) (53,61) (52,68) (47,47) (67,40) (53,48) (47,55) (32,45) (49,29) (44,40) (47,67) (42,46) (53,58) (43,40) (48,69) (41,46) (52,69) (53,65) (59,46) (28,40) (46,46) (43,46) (74,43) (46,34) (25,49) (29,52) (35,40) (58,46) (52,38) (65,45) (54,46) (60,40) (46,37) (69,53) (69,40) (35,45) (47,61) (53,64) (29,40) (73,54) (47,56) (69,51) (36,46) (30,47) (57,40) (47,51) (58,40) (56,40) (53,67) (40,46) (38,40) (44,46) (53,56) (37,46) (46,33) (67,45) (47,50) (46,39)

Sample 4
Class: D
Image size: 105x105
Number of points: 80
Points:
(34,25) (61,20) (41,40) (46,36) (63,33) (49,26) (33,24) (66,71) (53,21) (34,58) (65,20) (64,20) (35,22) (69,32) (69,34) (45,68) (62,20) (45,30) (34,57) (40,33) (37,63) (63,40) (76,19) (59,26) (68,46) (57,26) (63,32) (68,45) (57,49) (83,22) (46,49) (67,47) (69,38) (71,20) (50,64) (58,71) (75,25) (56,49) (49,21) (62,72) (63,42) (48,49) (63,29) (44,21) (72,20) (40,34) (41,42) (83,23) (38,64) (49,49) (61,26) (52,49) (66,48) (69,31) (41,39) (45,21) (38,27) (57,71) (40,65) (63,39) (61,43) (37,21) (46,34) (56,43) (44,52) (46,39) (42,21) (40,32) (65,67) (38,51) (49,64) (51,26) (63,36) (59,71) (63,38) (41,59) (37,52) (48,26) (68,68) (63,66)

Sample 5
Class: E
Image size: 105x105
Number of points: 80
Points:
(59,45) (16,40) (64,54) (38,53) (39,52) (28,47) (20,45) (14,77) (57,44) (33,78) (15,69) (20,40) (19,40) (9,45) (69,51) (69,52) (47,72) (39,78) (17,40) (61,77) (62,50) (68,68) (7,52) (18,72) (32,78) (7,55) (50,39) (61,48) (70,58) (46,48) (63,51) (13,58) (69,63) (17,45) (7,61) (13,59) (40,78) (19,54) (61,40) (24,72) (64,74) (47,46) (64,63) (53,44) (17,77) (40,56) (52,78) (47,78) (64,61) (26,78) (27,50) (47,43) (13,41) (41,52) (7,56) (19,45) (21,72) (56,78) (69,61) (8,49) (64,62) (64,60) (44,51) (20,54) (64,43) (42,78) (16,49) (12,74) (25,72) (38,54) (59,77) (49,57) (62,41) (54,52) (13,57) (63,66) (21,54) (11,43) (45,51) (21,78)

Sample 6
Class: F
Image size: 105x105
Number of points: 80
Points:
(61,68) (53,29) (38,22) (74,43) (68,41) (26,40) (26,32) (52,28) (62,62) (48,27) (39,66) (31,57) (33,23) (51,22) (61,27) (43,39) (67,40) (41,62) (44,67) (49,22) (70,62) (41,37) (66,68) (31,56) (67,39) (49,57) (38,66) (43,44) (42,21) (31,34) (73,50) (69,33) (35,39) (74,49) (59,52) (35,28) (47,52) (63,51) (45,67) (35,43) (31,24) (55,57) (57,62) (33,30) (58,52) (29,27) (65,62) (30,46) (55,68) (50,68) (49,52) (33,65) (65,36) (45,26) (32,24) (72,68) (36,40) (74,45) (51,28) (52,57) (59,68) (50,52) (63,34) (54,52) (45,52) (72,38) (36,43) (65,68) (46,26) (74,67) (33,35) (56,62) (56,57) (43,43) (68,62) (40,48) (58,25) (37,40) (35,48) (40,53)

Sample 7
Class: G
Image size: 105x105
Number of points: 80
Points:
(40,66) (61,33) (41,32) (51,41) (65,38) (59,38) (67,34) (59,33) (47,69) (35,62) (55,33) (48,64) (42,54) (43,32) (42,32) (56,33) (47,38) (61,38) (55,59) (60,64) (55,70) (55,62) (42,38) (58,69) (34,54) (48,38) (61,55) (37,64) (58,41) (36,32) (33,37) (59,68) (60,49) (39,65) (68,36) (44,67) (55,49) (50,70) (60,67) (55,51) (57,33) (42,50) (39,50) (63,39) (33,33) (55,56) (55,61) (32,34) (43,51) (53,33) (59,43) (55,50) (41,38) (50,33) (43,62) (60,38) (53,43) (34,61) (55,54) (62,33) (61,54) (34,33) (40,38) (51,70) (42,67) (60,46) (61,53) (38,38) (34,59) (39,38) (37,38) (47,63) (60,48) (66,34) (40,50) (49,64) (55,47) (44,32) (59,44) (34,57)

Sample 8
Class: H
Image size: 105x105
Number of points: 80
Points:
(45,25) (43,19) (30,43) (52,40) (36,38) (59,25) (40,25) (38,70) (28,23) (61,70) (36,59) (47,19) (46,19) (30,24) (30,37) (46,40) (59,64) (67,70) (44,19) (46,70) (66,32) (67,58) (36,37) (61,62) (60,70) (38,43) (34,19) (31,28) (37,49) (61,27) (36,36) (61,48) (66,53) (31,25) (30,51) (56,49) (31,71) (56,41) (53,19) (30,64) (70,69) (51,25) (58,53) (28,21) (41,70) (49,45) (57,51) (54,70) (36,32) (64,20) (54,19) (36,39) (30,45) (39,25) (36,63) (65,51) (61,28) (58,52) (56,50) (30,35) (30,42) (65,20) (32,72) (62,29) (69,69) (37,64) (41,42) (44,70) (30,48) (59,19) (30,40) (30,47) (61,56) (36,42) (29,20) (36,35) (49,70) (56,64) (66,55) (67,63)

Sample 9
Class: I
Image size: 105x105
Number of points: 80
Points:
(51,47) (50,22) (46,18) (54,59) (28,30) (29,28) (66,26) (44,23) (60,58) (65,21) (56,51) (43,76) (50,74) (33,45) (32,21) (39,47) (55,39) (48,18) (47,18) (33,21) (35,26) (34,27) (51,41) (42,47) (44,76) (36,46) (36,25) (55,56) (62,47) (56,54) (37,75) (36,39) (60,26) (31,41) (63,46) (34,30) (41,18) (59,61) (38,24) (61,53) (51,73) (34,34) (57,67) (30,24) (39,72) (53,62) (29,34) (49,75) (40,72) (65,36) (50,21) (35,35) (58,34) (45,71) (34,29) (39,19) (39,41) (32,44) (30,23) (57,36) (61,20) (34,46) (34,31) (48,47) (46,47) (58,35) (54,46) (29,25) (35,20) (60,57) (57,49) (29,27) (29,31) (55,55) (38,72) (61,21) (59,60) (52,64) (38,41) (50,47)

Sample 10
Class: J
Image size: 105x105
Number of points: 80
Points:
(78,74) (83,14) (41,12) (36,26) (68,23) (74,21) (28,18) (79,13) (73,84) (77,51) (73,12) (71,62) (71,38) (45,12) (44,12) (76,12) (47,21) (68,22) (71,46) (71,65) (42,12) (77,54) (68,19) (74,94) (73,77) (79,90) (49,38) (52,21) (76,40) (77,61) (53,26) (32,12) (52,18) (79,89) (75,31) (44,18) (36,21) (54,31) (30,35) (78,12) (49,33) (35,32) (77,65) (48,25) (51,12) (77,97) (76,41) (71,50) (53,17) (26,35) (69,12) (71,52) (74,27) (78,71) (72,69) (70,33) (77,58) (36,19) (73,91) (64,12) (52,12) (73,80) (36,22) (53,27) (28,13) (49,41) (78,73) (75,33) (58,18) (49,34) (27,33) (68,20) (79,82) (53,25) (79,85) (79,76) (65,12) (77,66) (62,18) (54,50)

Sample 11
Class: A
Image size: 105x105
Number of points: 80
Points:
(69,73) (17,23) (70,15) (49,31) (30,30) (24,29) (58,24) (36,22) (51,60) (15,21) (71,65) (71,48) (37,16) (18,16) (42,21) (71,28) (66,29) (71,56) (45,67) (16,16) (38,62) (71,26) (75,75) (42,48) (22,29) (37,52) (66,65) (51,31) (42,11) (33,25) (42,38) (31,25) (65,28) (71,37) (42,43) (73,21) (65,40) (71,38) (67,67) (33,31) (37,17) (65,53) (53,59) (72,23) (36,43) (37,20) (38,61) (46,32) (68,70) (41,69) (36,41) (38,64) (49,26) (42,19) (42,17) (75,78) (58,29) (44,32) (22,22) (71,52) (68,72) (42,41) (35,25) (36,42) (36,40) (21,28) (34,31) (70,75) (66,19) (39,68) (54,25) (52,59) (71,53) (47,31) (66,61) (42,36) (37,18) (59,29) (36,35) (36,46)

Sample 12
Class: B
Image size: 105x105
Number of points: 80
Points:
(19,68) (37,31) (35,20) (52,74) (49,44) (48,42) (41,41) (33,35) (24,74) (37,30) (50,70) (26,89) (61,83) (21,62) (37,28) (20,65) (30,54) (36,21) (30,21) (31,29) (35,41) (29,42) (47,59) (54,65) (27,89) (21,63) (37,40) (19,73) (55,68) (19,72) (30,86) (24,54) (40,41) (52,55) (54,64) (27,45) (63,78) (32,18) (59,75) (55,78) (42,36) (57,71) (28,85) (25,49) (18,81) (41,36) (25,84) (18,76) (50,48) (30,88) (26,84) (46,51) (37,29) (25,50) (31,49) (19,87) (28,44) (30,23) (57,73) (47,56) (48,61) (32,33) (30,51) (37,27) (48,62) (27,46) (25,67) (55,66) (31,50) (21,64) (36,40) (24,72) (31,26) (24,80) (50,69) (48,41) (50,45) (21,89) (19,84) (32,30)

Sample 13
Class: C
Image size: 105x105
Number of points: 80
Points:
(32,40) (71,32) (26,49) (55,47) (44,47) (41,41) (45,39) (26,38) (56,69) (45,33) (30,33) (51,38) (41,47) (49,47) (38,75) (28,33) (70,46) (54,69) (42,47) (49,75) (26,54) (48,75) (47,69) (75,69) (48,30) (34,69) (46,69) (45,37) (62,67) (38,47) (64,41) (58,74) (32,37) (72,39) (35,69) (63,41) (27,35) (51,34) (71,45) (66,34) (72,42) (45,75) (65,41) (26,56) (37,41) (37,74) (66,32) (59,68) (47,47) (67,47) (71,35) (26,45) (27,34) (32,49) (52,41) (52,69) (26,59) (26,58) (26,43) (32,52) (72,38) (64,67) (51,33) (29,72) (32,63) (45,40) (37,69) (44,41) (74,69) (51,40) (71,34) (63,73) (74,73) (46,47) (26,60) (71,43) (51,37) (26,44) (26,42) (51,39)

Sample 14
Class: D
Image size: 105x105
Number of points: 80
Points:
(39,26) (52,21) (39,40) (48,38) (77,35) (49,27) (36,24) (42,63) (38,22) (73,68) (39,53) (56,21) (55,21) (85,22) (72,34) (71,37) (60,59) (75,71) (53,21) (53,63) (72,29) (71,52) (77,34) (40,56) (79,67) (58,40) (43,21) (59,27) (69,44) (57,27) (77,33) (55,44) (73,47) (87,22) (34,46) (34,45) (81,71) (43,39) (62,21) (41,57) (41,62) (41,27) (67,47) (80,21) (45,63) (36,42) (78,75) (57,46) (77,64) (83,27) (75,21) (63,21) (77,36) (70,41) (88,23) (65,56) (65,46) (61,27) (34,47) (68,45) (72,32) (56,39) (76,21) (81,72) (65,27) (40,62) (42,57) (70,39) (51,63) (69,43) (68,21) (49,37) (51,43) (61,50) (57,39) (73,21) (77,32) (76,63) (67,58) (72,49)

Sample 15
Class: E
Image size: 105x105
Number of points: 80
Points:
(58,27) (27,21) (72,39) (41,37) (71,35) (19,30) (53,27) (68,68) (46,26) (61,80) (56,53) (40,21) (39,21) (41,27) (47,35) (64,36) (71,62) (28,21) (68,72) (20,34) (46,53) (62,35) (61,55) (67,79) (33,40) (32,20) (20,32) (72,46) (65,31) (41,35) (72,45) (72,48) (50,27) (72,47) (54,47) (24,39) (21,23) (46,57) (61,66) (48,28) (67,48) (37,26) (62,70) (46,41) (49,48) (67,76) (58,33) (32,26) (44,23) (28,36) (33,41) (52,27) (52,56) (50,48) (41,32) (60,48) (59,47) (70,34) (33,39) (33,26) (54,32) (60,66) (53,57) (46,39) (68,71) (72,43) (20,26) (41,36) (66,42) (67,51) (41,39) (30,26) (20,35) (62,74) (49,61) (72,50) (72,56) (41,30) (47,37) (68,66)

Sample 16
Class: F
Image size: 105x105
Number of points: 80
Points:
(68,59) (36,30) (38,25) (70,65) (77,38) (44,37) (23,36) (20,32) (33,65) (31,30) (28,62) (15,72) (84,54) (22,29) (82,57) (90,46) (75,25) (74,25) (84,29) (83,35) (71,36) (32,52) (36,58) (39,25) (17,56) (82,34) (20,64) (43,60) (38,63) (50,46) (88,35) (15,49) (72,57) (89,38) (20,69) (25,71) (35,24) (51,66) (82,68) (80,32) (26,63) (16,42) (69,32) (77,35) (34,76) (70,66) (84,41) (25,44) (28,30) (21,43) (74,70) (45,42) (37,58) (44,38) (15,69) (24,26) (78,64) (50,49) (25,54) (20,31) (22,75) (24,44) (22,28) (32,55) (76,39) (36,70) (26,59) (21,59) (33,71) (21,71) (50,43) (89,56) (65,34) (69,63) (69,27) (25,26) (31,61) (49,36) (29,67) (65,39)

Sample 17
Class: G
Image size: 105x105
Number of points: 80
Points:
(67,69) (65,39) (64,34) (64,46) (56,45) (60,44) (27,41) (32,39) (68,63) (32,38) (75,66) (42,55) (28,35) (27,35) (55,38) (52,44) (30,45) (59,62) (72,69) (71,64) (57,43) (66,69) (57,54) (57,44) (47,56) (31,47) (60,33) (65,41) (75,68) (62,49) (73,64) (61,41) (60,68) (50,49) (74,69) (61,68) (35,51) (65,38) (45,50) (34,50) (51,46) (57,35) (55,56) (54,40) (52,60) (50,57) (35,43) (30,35) (71,69) (53,41) (41,54) (57,48) (51,48) (56,55) (44,55) (65,42) (51,47) (62,63) (44,50) (63,68) (58,34) (41,49) (27,40) (60,51) (56,58) (57,59) (54,64) (65,35) (52,61) (68,69) (64,44) (63,48) (48,56) (65,37) (29,43) (60,42) (65,63) (42,49) (65,40) (43,50)

Sample 18
Class: H
Image size: 105x105
Number of points: 80
Points:
(39,70) (59,23) (38,22) (36,31) (36,29) (54,28) (30,26) (58,22) (39,58) (54,22) (39,64) (32,43) (40,22) (39,22) (55,22) (52,28) (56,28) (39,53) (33,66) (35,76) (39,60) (47,28) (34,73) (37,42) (53,28) (33,46) (33,64) (57,31) (33,22) (37,28) (39,71) (58,35) (39,63) (30,28) (39,69) (36,35) (38,73) (33,70) (61,37) (56,22) (58,36) (62,35) (57,30) (43,22) (38,47) (31,24) (60,37) (52,22) (57,32) (62,36) (31,32) (39,57) (37,36) (33,71) (37,22) (62,34) (60,23) (31,38) (30,27) (42,22) (38,43) (33,49) (32,44) (44,22) (45,28) (34,74) (55,28) (31,34) (32,42) (43,28) (39,68) (44,28) (42,28) (33,59) (31,35) (62,25) (31,36) (39,61) (36,34) (41,22)

Sample 19
Class: I
Image size: 105x105
Number of points: 80
Points:
(61,40) (75,34) (69,51) (45,49) (54,47) (50,41) (39,40) (33,69) (72,39) (68,62) (69,35) (68,35) (22,40) (31,47) (45,48) (25,67) (17,35) (51,69) (42,46) (59,62) (44,47) (23,64) (28,52) (17,33) (69,42) (50,57) (70,41) (25,47) (28,57) (60,60) (36,40) (22,59) (71,57) (23,51) (27,36) (35,64) (77,68) (42,41) (50,60) (34,39) (37,69) (50,53) (39,59) (74,69) (32,46) (64,38) (67,36) (68,47) (28,53) (38,40) (32,64) (50,59) (68,43) (22,60) (61,58) (59,46) (29,51) (75,38) (33,45) (73,68) (42,64) (51,51) (49,69) (28,56) (30,37) (24,48) (41,55) (65,61) (45,51) (31,38) (62,46) (55,69) (63,66) (46,61) (34,64) (52,41) (52,49) (29,69) (69,50) (53,70)

Sample 20
Class: J
Image size: 105x105
Number of points: 80
Points:
(55,21) (71,15) (56,33) (29,31) (35,29) (48,23) (74,20) (29,61) (41,20) (51,44) (57,16) (56,16) (62,20) (72,28) (29,30) (57,50) (54,16) (29,65) (29,27) (30,44) (77,28) (30,47) (78,33) (68,14) (45,24) (35,39) (43,24) (55,28) (78,38) (69,41) (64,20) (73,40) (56,39) (72,32) (53,17) (63,47) (36,58) (74,21) (68,41) (34,20) (35,62) (35,35) (30,41) (30,69) (55,26) (45,19) (73,17) (55,29) (78,34) (68,20) (60,47) (35,41) (54,24) (64,41) (51,40) (29,28) (78,32) (66,19) (38,25) (30,58) (64,47) (35,33) (29,64) (78,37) (73,18) (72,29) (30,37) (61,42) (29,33) (43,19) (36,28) (34,66) (54,50) (57,42) (62,47) (50,23) (35,31) (29,59) (56,32) (36,45)

Sample 21
Class: A
Image size: 105x105
Number of points: 80
Points:
(62,53) (31,30) (41,22) (38,60) (45,40) (45,38) (34,37) (48,31) (67,59) (42,29) (41,56) (30,74) (55,48) (41,28) (62,50) (27,44) (34,23) (42,22) (47,28) (49,36) (50,37) (36,48) (50,51) (31,74) (62,48) (44,35) (61,58) (48,54) (61,57) (37,70) (70,43) (28,37) (28,47) (50,50) (50,40) (38,20) (44,61) (30,33) (46,57) (31,69) (55,42) (36,63) (48,32) (32,68) (54,42) (27,72) (39,68) (65,42) (31,29) (59,42) (56,42) (40,66) (50,39) (44,24) (31,47) (53,48) (48,30) (64,42) (32,28) (57,48) (51,41) (67,52) (49,52) (60,42) (63,49) (34,35) (39,27) (46,58) (44,37) (45,41) (40,57) (40,67) (37,29) (35,72) (62,62) (30,47) (61,42) (35,33) (62,42) (58,42)

Sample 22
Class: B
Image size: 105x105
Number of points: 80
Points:
(45,40) (50,17) (37,50) (62,49) (44,49) (59,43) (51,37) (23,73) (51,33) (83,77) (72,62) (50,19) (45,19) (45,35) (41,49) (56,49) (73,69) (78,78) (45,18) (51,74) (73,46) (48,62) (42,49) (78,64) (77,77) (51,50) (44,13) (36,44) (72,55) (67,43) (40,49) (46,55) (19,59) (45,36) (25,57) (20,56) (84,78) (32,50) (51,22) (78,65) (51,72) (44,43) (78,58) (51,31) (74,73) (71,51) (82,81) (52,57) (52,76) (72,45) (45,29) (45,23) (53,49) (46,51) (45,37) (48,65) (72,57) (38,44) (25,58) (78,56) (24,49) (33,50) (51,29) (84,79) (42,44) (23,72) (18,66) (35,50) (21,74) (46,54) (51,25) (54,49) (51,53) (78,60) (34,50) (45,28) (38,49) (81,74) (24,69) (47,60)

Sample 23
Class: C
Image size: 105x105
Number of points: 80
Points:
(50,77) (25,36) (23,31) (54,44) (62,43) (54,42) (38,38) (43,35) (40,70) (28,35) (34,73) (63,54) (39,31) (38,31) (31,35) (23,42) (24,43) (38,65) (38,75) (24,31) (45,71) (78,40) (40,54) (38,42) (33,58) (62,72) (19,45) (27,30) (69,38) (55,48) (67,38) (17,42) (38,48) (43,50) (33,35) (73,48) (66,48) (58,75) (78,43) (66,32) (59,59) (38,69) (17,37) (25,50) (59,34) (33,71) (28,46) (44,77) (53,76) (24,49) (53,71) (54,40) (72,33) (67,32) (72,42) (78,45) (35,35) (64,58) (48,77) (34,49) (71,38) (37,49) (71,48) (59,41) (18,44) (73,33) (39,76) (38,39) (33,69) (64,59) (38,44) (43,71) (77,47) (61,33) (78,42) (64,47) (62,52) (25,44) (70,33) (73,41)

Sample 24
Class: D
Image size: 105x105
Number of points: 80
Points:
(33,28) (65,22) (54,43) (40,40) (69,38) (71,29) (78,27) (51,67) (35,27) (71,77) (59,60) (31,23) (30,23) (38,27) (53,38) (58,39) (38,66) (71,80) (66,22) (66,70) (68,36) (39,60) (54,38) (52,61) (66,77) (39,44) (42,21) (68,31) (64,50) (47,31) (52,38) (36,50) (64,55) (40,27) (71,52) (36,51) (67,81) (49,43) (68,23) (71,61) (46,67) (75,28) (40,55) (46,26) (72,67) (69,44) (41,53) (66,74) (41,36) (28,25) (69,23) (55,39) (59,44) (62,27) (55,61) (64,53) (47,32) (40,54) (41,52) (41,38) (50,43) (46,25) (68,82) (47,33) (45,67) (34,62) (52,43) (66,69) (64,48) (28,24) (56,39) (43,47) (39,58) (51,43) (76,24) (50,38) (72,71) (35,66) (64,57) (57,61)

Sample 25
Class: E
Image size: 105x105
Number of points: 80
Points:
(37,66) (81,37) (58,32) (26,71) (65,45) (27,44) (18,43) (76,38) (24,71) (16,37) (72,67) (39,60) (25,36) (16,63) (26,53) (49,33) (48,33) (28,36) (76,42) (60,43) (63,57) (82,63) (70,32) (39,61) (76,41) (40,70) (81,66) (34,69) (82,52) (82,42) (63,54) (10,63) (82,45) (36,74) (74,30) (60,71) (75,73) (14,40) (10,69) (16,49) (76,39) (65,42) (11,72) (82,48) (82,50) (64,36) (82,49) (24,77) (24,49) (10,64) (27,45) (12,74) (61,33) (20,71) (39,55) (63,59) (52,38) (76,50) (18,36) (63,60) (65,46) (20,76) (57,65) (82,64) (16,50) (39,62) (47,41) (41,69) (63,35) (62,33) (64,67) (32,43) (64,72) (45,46) (28,77) (80,36) (10,55) (10,66) (31,76) (21,50)

Sample 26
Class: F
Image size: 105x105
Number of points: 80
Points:
(24,60) (60,28) (63,19) (50,40) (83,38) (30,38) (82,30) (60,27) (50,64) (34,55) (61,25) (45,57) (19,48) (56,20) (75,19) (48,26) (60,37) (35,38) (83,51) (81,57) (64,19) (37,56) (83,35) (74,60) (74,67) (78,47) (78,37) (39,49) (44,57) (60,40) (69,18) (60,32) (76,66) (29,44) (51,32) (55,37) (83,43) (83,45) (75,26) (84,44) (33,44) (20,58) (25,40) (55,21) (83,49) (60,54) (60,29) (78,45) (66,24) (76,55) (55,41) (54,59) (81,58) (27,45) (60,56) (55,35) (75,67) (50,24) (77,21) (49,62) (32,38) (45,41) (48,27) (55,49) (22,60) (28,45) (82,32) (45,45) (60,44) (83,36) (56,63) (26,40) (53,64) (59,60) (62,24) (47,58) (60,33) (33,54) (18,50) (37,40)

Sample 27
Class: G
Image size: 105x105
Number of points: 80
Points:
(42,73) (38,32) (45,26) (52,79) (71,42) (34,40) (54,38) (52,32) (50,79) (75,31) (63,74) (78,65) (74,27) (72,69) (54,55) (49,26) (48,26) (29,29) (75,37) (34,39) (54,62) (72,70) (46,26) (36,67) (34,36) (40,78) (72,73) (77,76) (29,55) (28,38) (60,57) (60,69) (28,43) (36,26) (57,80) (75,32) (77,75) (54,48) (67,32) (70,37) (59,80) (29,48) (72,51) (29,30) (77,49) (71,48) (78,70) (76,41) (55,26) (46,79) (60,58) (30,65) (44,32) (60,51) (32,27) (54,66) (54,44) (78,72) (32,72) (34,50) (60,68) (70,35) (35,77) (68,26) (56,26) (48,74) (70,38) (64,80) (28,44) (28,31) (29,58) (40,73) (54,50) (34,33) (77,50) (60,49) (34,37) (53,74) (28,42) (66,74)

Sample 28
Class: H
Image size: 105x105
Number of points: 80
Points:
(18,83) (39,31) (48,16) (63,51) (32,48) (41,45) (52,34) (56,29) (22,71) (55,27) (17,77) (70,64) (49,18) (39,18) (49,28) (56,44) (57,46) (60,66) (65,78) (40,17) (22,73) (36,42) (70,63) (62,44) (37,65) (71,76) (37,52) (40,12) (38,37) (41,59) (53,36) (41,44) (39,59) (69,59) (39,29) (50,59) (43,59) (71,78) (57,50) (52,21) (43,65) (17,70) (51,32) (68,59) (55,26) (17,72) (35,54) (70,81) (66,80) (52,59) (23,75) (43,41) (48,25) (39,22) (62,45) (64,53) (50,29) (40,65) (68,82) (53,59) (53,37) (56,59) (48,59) (56,43) (63,50) (21,84) (54,25) (23,79) (53,38) (71,69) (44,65) (37,51) (71,72) (31,58) (53,23) (34,46) (24,57) (36,60) (30,51) (39,25)

Sample 29
Class: I
Image size: 105x105
Number of points: 80
Points:
(60,37) (57,15) (32,54) (54,50) (27,48) (43,41) (54,35) (55,31) (35,69) (57,17) (62,16) (60,32) (37,47) (60,38) (54,51) (59,57) (58,12) (26,55) (55,34) (26,64) (54,60) (32,63) (26,54) (54,46) (54,37) (42,75) (59,56) (41,75) (27,68) (41,69) (60,9) (61,65) (62,67) (55,29) (26,63) (60,46) (31,44) (65,72) (61,28) (60,36) (27,66) (60,43) (56,22) (62,20) (38,46) (56,21) (30,45) (38,75) (48,44) (44,74) (38,41) (58,71) (62,14) (54,64) (54,48) (53,53) (61,24) (33,46) (57,19) (53,54) (54,41) (32,59) (59,58) (48,45) (26,56) (60,33) (48,63) (62,17) (34,69) (32,61) (54,38) (46,41) (45,68) (46,74) (62,21) (42,69) (50,70) (35,48) (60,59) (54,45)

Sample 30
Class: J
Image size: 105x105
Number of points: 80
Points:
(77,58) (33,16) (45,10) (77,84) (34,27) (58,24) (71,22) (63,16) (77,83) (59,15) (71,68) (29,48) (75,11) (46,49) (71,39) (49,10) (48,10) (30,13) (40,22) (58,23) (36,44) (71,49) (46,10) (31,49) (57,20) (71,78) (71,61) (77,74) (52,39) (52,22) (71,41) (45,49) (52,27) (36,10) (71,89) (40,17) (77,73) (71,32) (77,16) (34,22) (71,90) (52,32) (30,36) (30,14) (38,34) (33,33) (77,49) (40,26) (55,10) (77,81) (71,42) (77,47) (46,16) (77,35) (31,11) (53,48) (71,28) (77,55) (71,53) (58,34) (39,49) (34,20) (71,75) (68,10) (56,10) (71,64) (34,23) (76,92) (52,28) (31,15) (33,42) (77,57) (71,34) (57,17) (38,35) (77,33) (58,21) (77,66) (52,26) (77,69)

Sample 31
Class: A
Image size: 105x105
Number of points: 80
Points:
(64,87) (60,32) (58,23) (63,47) (55,45) (60,43) (41,36) (49,31) (43,81) (57,29) (46,84) (42,66) (36,25) (60,24) (49,30) (39,43) (54,44) (81,76) (49,85) (46,24) (44,82) (52,41) (79,65) (44,43) (76,69) (74,83) (43,48) (52,20) (40,38) (36,56) (64,37) (74,42) (64,55) (76,60) (66,30) (36,58) (65,56) (68,85) (72,46) (61,25) (38,71) (50,80) (42,34) (70,60) (64,28) (53,81) (37,50) (56,87) (67,86) (68,58) (61,82) (73,40) (55,27) (35,26) (74,43) (58,49) (40,31) (43,70) (62,87) (75,58) (49,38) (69,59) (67,57) (53,42) (73,46) (63,27) (70,85) (40,39) (49,80) (44,71) (43,47) (66,81) (36,54) (54,26) (38,44) (69,52) (72,63) (37,47) (44,27) (59,42)

Sample 32
Class: B
Image size: 105x105
Number of points: 80
Points:
(25,60) (48,33) (78,27) (24,65) (43,40) (41,39) (89,38) (67,34) (22,65) (43,33) (81,61) (31,56) (74,32) (64,58) (9,49) (80,28) (79,28) (87,32) (58,38) (35,39) (42,54) (70,58) (64,28) (78,56) (84,37) (19,64) (43,60) (66,63) (82,48) (65,38) (63,50) (57,58) (59,40) (67,27) (66,35) (64,63) (84,43) (29,35) (54,38) (59,43) (43,46) (40,33) (89,44) (10,44) (71,58) (27,40) (84,30) (73,64) (48,51) (62,55) (31,34) (15,46) (70,32) (34,56) (24,41) (57,59) (13,59) (15,45) (77,57) (56,37) (67,63) (57,32) (60,31) (34,61) (32,39) (22,41) (42,33) (10,51) (23,60) (43,45) (82,35) (64,45) (64,44) (51,38) (39,61) (28,40) (60,62) (42,60) (58,32) (73,58)

Sample 33
Class: C
Image size: 105x105
Number of points: 80
Points:
(56,33) (37,27) (27,50) (37,48) (20,47) (27,37) (54,32) (24,65) (46,32) (66,66) (53,58) (52,27) (40,27) (49,32) (35,46) (66,47) (66,61) (33,67) (38,27) (27,66) (32,44) (40,58) (56,46) (18,60) (61,66) (29,50) (44,26) (57,39) (44,53) (27,39) (34,46) (36,53) (72,55) (51,32) (45,54) (60,53) (34,67) (74,49) (34,28) (59,60) (23,64) (27,35) (59,55) (42,32) (55,65) (32,51) (59,54) (38,66) (62,43) (37,32) (35,28) (56,47) (18,51) (53,32) (38,60) (71,54) (26,40) (22,55) (22,54) (56,45) (18,50) (38,32) (63,67) (26,41) (22,64) (70,60) (25,50) (72,65) (66,52) (61,29) (64,47) (61,52) (22,57) (24,50) (62,31) (62,45) (30,66) (63,61) (72,56) (54,60)

Sample 34
Class: D
Image size: 105x105
Number of points: 80
Points:
(32,62) (86,18) (41,18) (79,70) (77,30) (50,27) (82,24) (92,22) (58,70) (81,18) (52,65) (75,82) (32,54) (73,18) (26,58) (32,46) (45,18) (44,18) (76,18) (79,24) (70,25) (27,51) (26,59) (42,18) (57,55) (61,24) (73,68) (27,63) (58,67) (72,45) (80,24) (28,48) (78,57) (56,31) (33,75) (48,79) (93,17) (52,72) (74,74) (34,24) (34,67) (57,39) (90,23) (78,24) (74,72) (78,38) (39,44) (78,18) (72,41) (54,78) (78,39) (32,59) (72,29) (79,74) (51,18) (79,69) (39,49) (52,53) (32,19) (38,44) (69,18) (72,54) (56,33) (57,77) (32,61) (52,60) (80,80) (44,79) (52,42) (78,56) (58,24) (73,67) (64,18) (52,18) (27,64) (84,24) (40,73) (77,32) (80,78) (46,79)

Sample 35
Class: E
Image size: 105x105
Number of points: 80
Points:
(67,37) (47,31) (67,53) (11,51) (19,49) (14,42) (52,37) (53,72) (44,37) (48,66) (51,31) (50,31) (47,37) (73,48) (11,50) (42,70) (48,31) (15,74) (16,47) (46,66) (6,49) (27,67) (5,54) (38,31) (20,43) (40,60) (10,43) (67,48) (11,60) (67,63) (49,37) (6,62) (70,60) (24,52) (56,32) (16,68) (48,72) (61,39) (60,63) (66,36) (13,73) (5,56) (34,62) (23,74) (13,47) (36,36) (57,32) (67,49) (67,55) (51,37) (38,67) (40,62) (65,43) (6,63) (62,61) (12,48) (67,52) (37,36) (66,44) (29,72) (25,68) (5,53) (27,73) (11,59) (61,33) (73,49) (37,58) (43,65) (73,52) (64,35) (18,48) (18,74) (31,70) (7,65) (9,68) (16,42) (20,51) (49,72) (23,52) (51,66)

Sample 36
Class: F
Image size: 105x105
Number of points: 80
Points:
(66,56) (38,32) (66,27) (24,61) (43,40) (85,38) (53,37) (69,32) (77,60) (76,31) (39,58) (66,52) (46,31) (63,54) (48,47) (80,27) (79,27) (71,31) (50,37) (26,38) (21,51) (28,55) (67,27) (46,53) (21,36) (84,59) (28,57) (45,59) (37,47) (51,37) (69,48) (57,54) (55,40) (26,64) (72,67) (72,26) (66,61) (66,63) (41,33) (34,59) (79,43) (39,33) (36,37) (76,61) (56,43) (56,45) (73,31) (63,44) (41,66) (20,44) (33,55) (21,40) (82,63) (35,28) (58,60) (41,49) (37,52) (52,32) (48,45) (61,30) (87,52) (44,41) (47,65) (33,56) (71,55) (30,68) (79,66) (77,44) (22,54) (64,35) (52,59) (63,29) (38,28) (63,57) (80,37) (50,62) (33,41) (45,66) (32,67) (75,31)

Sample 37
Class: G
Image size: 105x105
Number of points: 80
Points:
(43,34) (46,29) (58,45) (64,43) (71,41) (38,35) (76,33) (66,68) (73,30) (67,55) (50,29) (49,29) (28,31) (41,41) (68,42) (83,65) (47,29) (49,39) (69,54) (47,41) (61,61) (37,46) (37,29) (60,35) (73,49) (58,35) (78,40) (62,49) (53,52) (28,32) (55,51) (57,50) (78,44) (56,29) (70,62) (77,67) (30,35) (52,52) (31,30) (69,68) (49,47) (64,51) (43,38) (69,29) (57,29) (40,42) (36,47) (28,33) (67,62) (65,51) (62,35) (48,52) (35,51) (72,40) (37,45) (70,29) (66,35) (76,67) (71,62) (56,45) (72,68) (67,48) (62,29) (46,42) (47,48) (44,53) (44,45) (67,29) (73,40) (55,64) (41,53) (69,62) (44,35) (65,43) (78,67) (62,44) (57,57) (43,53) (37,35) (57,66)

Sample 38
Class: H
Image size: 105x105
Number of points: 80
Points:
(58,64) (32,23) (48,17) (42,69) (27,38) (27,34) (33,31) (30,24) (41,69) (50,22) (28,67) (33,78) (33,54) (51,21) (33,60) (47,46) (44,18) (54,17) (52,21) (33,30) (33,32) (32,50) (27,62) (34,78) (33,56) (34,28) (48,68) (54,65) (34,68) (40,75) (34,46) (27,31) (32,48) (27,60) (33,38) (50,16) (35,70) (40,25) (29,68) (44,74) (27,43) (40,70) (28,25) (50,73) (49,42) (38,76) (30,74) (38,44) (35,22) (49,43) (32,43) (47,73) (33,36) (54,18) (45,48) (32,53) (46,23) (37,44) (36,21) (33,55) (33,40) (55,64) (28,64) (27,44) (33,58) (28,28) (39,20) (29,72) (27,32) (27,40) (34,67) (49,73) (49,22) (58,68) (44,69) (44,48) (32,44) (41,25) (34,44) (42,43)

Sample 39
Class: I
Image size: 105x105
Number of points: 80
Points:
(32,38) (32,17) (24,58) (32,54) (47,51) (41,44) (26,36) (64,74) (26,32) (58,69) (30,19) (38,18) (32,33) (26,51) (54,52) (71,73) (38,17) (38,50) (56,69) (34,51) (22,73) (49,58) (38,12) (43,45) (47,66) (39,45) (54,50) (21,66) (18,68) (32,34) (37,67) (20,67) (55,56) (36,21) (28,73) (59,74) (32,41) (54,67) (27,30) (67,74) (49,60) (39,67) (26,50) (32,27) (28,22) (26,52) (24,60) (32,35) (25,73) (40,67) (45,45) (43,67) (35,67) (44,50) (25,57) (27,28) (26,46) (58,74) (29,73) (49,57) (70,74) (49,64) (28,24) (33,52) (28,63) (64,68) (31,57) (33,26) (45,50) (48,73) (61,68) (27,73) (32,45) (49,54) (60,74) (49,56) (73,69) (63,68) (40,44) (73,73)

Sample 40
Class: J
Image size: 105x105
Number of points: 80
Points:
(40,49) (59,21) (31,21) (56,55) (49,27) (44,26) (33,26) (65,22) (65,54) (57,21) (59,50) (76,66) (28,45) (53,21) (48,46) (36,31) (39,21) (32,21) (54,21) (32,25) (35,26) (37,41) (36,47) (79,66) (44,45) (79,23) (53,53) (56,49) (50,52) (71,63) (41,30) (81,25) (34,34) (35,46) (50,27) (34,20) (70,22) (61,51) (69,62) (66,27) (58,55) (69,22) (66,61) (65,27) (72,64) (67,61) (41,28) (55,21) (70,27) (67,27) (71,59) (36,27) (42,21) (40,35) (42,44) (62,21) (36,28) (51,21) (30,45) (54,27) (53,48) (38,48) (77,27) (32,46) (78,23) (48,21) (76,63) (34,26) (53,27) (43,50) (72,60) (56,21) (69,57) (54,54) (33,35) (78,27) (71,22) (79,27) (69,27) (81,24)


Test dataset:

Sample 1
Class: A
Image size: 105x105
Number of points: 80
Points:
(45,76) (63,34) (40,26) (66,81) (38,46) (34,44) (66,43) (23,38) (64,81) (35,33) (64,76) (65,69) (53,31) (65,73) (70,57) (53,26) (52,26) (34,32) (25,43) (28,44) (21,64) (36,74) (41,26) (24,71) (60,41) (40,80) (50,76) (34,79) (44,57) (43,43) (38,59) (32,73) (62,46) (46,25) (57,82) (33,38) (32,79) (15,52) (31,38) (24,43) (59,82) (64,51) (21,55) (38,32) (44,53) (38,52) (37,74) (44,45) (57,27) (46,81) (29,60) (21,68) (18,37) (15,55) (49,31) (22,70) (15,48) (65,75) (39,75) (70,53) (65,72) (65,40) (35,79) (44,31) (34,28) (56,76) (21,44) (63,47) (62,32) (71,59) (24,76) (15,54) (35,38) (38,54) (21,53) (15,43) (61,76) (61,45) (26,77) (49,76)

Sample 2
Class: B
Image size: 105x105
Number of points: 80
Points:
(30,63) (26,30) (64,19) (38,69) (70,39) (70,37) (64,36) (30,31) (37,69) (69,29) (54,65) (46,75) (30,57) (69,27) (30,60) (36,49) (65,20) (59,20) (64,28) (27,36) (27,37) (60,54) (63,60) (47,75) (30,58) (25,35) (31,68) (62,63) (31,67) (37,75) (30,49) (32,36) (67,50) (63,59) (28,40) (61,17) (43,69) (64,32) (59,66) (51,74) (30,44) (46,69) (31,32) (34,74) (70,43) (40,75) (35,74) (63,46) (69,28) (30,45) (35,44) (32,73) (28,39) (60,22) (62,51) (59,56) (29,30) (35,46) (68,26) (59,57) (28,41) (36,62) (62,61) (35,45) (30,59) (70,34) (62,25) (42,69) (70,36) (70,40) (39,75) (33,74) (64,29) (36,68) (39,69) (36,51) (64,45) (70,32) (69,45) (69,44)

Sample 3
Class: C
Image size: 105x105
Number of points: 80
Points:
(35,56) (58,32) (57,21) (58,60) (60,41) (58,40) (45,40) (52,36) (52,60) (58,31) (72,57) (52,67) (37,52) (58,29) (36,54) (61,47) (58,22) (52,22) (52,30) (34,40) (47,40) (58,50) (66,54) (55,67) (72,52) (53,39) (58,59) (66,56) (72,58) (67,64) (60,47) (44,40) (32,48) (30,54) (61,41) (55,19) (58,38) (66,58) (71,63) (42,44) (34,60) (53,38) (72,62) (41,44) (57,65) (52,63) (33,46) (58,30) (43,45) (72,44) (52,62) (50,41) (52,24) (58,48) (72,51) (52,34) (72,45) (58,28) (58,52) (65,41) (66,55) (52,55) (44,45) (58,53) (43,39) (52,27) (35,57) (46,40) (64,41) (52,56) (66,62) (52,31) (35,58) (35,59) (52,48) (45,45) (35,39) (46,45) (38,45) (70,39)

Sample 4
Class: D
Image size: 105x105
Number of points: 80
Points:
(59,68) (60,17) (72,11) (69,33) (74,29) (37,27) (47,18) (33,17) (38,63) (77,13) (71,66) (50,45) (36,12) (35,12) (32,15) (42,26) (42,28) (68,61) (47,67) (73,11) (56,63) (73,23) (48,45) (69,26) (33,50) (70,66) (38,34) (63,11) (48,19) (64,38) (36,19) (37,26) (62,38) (51,44) (32,16) (74,40) (66,38) (62,67) (44,32) (56,12) (38,52) (64,62) (74,17) (38,44) (51,13) (51,63) (40,36) (53,68) (48,68) (74,41) (40,65) (36,23) (46,13) (57,12) (69,27) (69,35) (76,16) (32,51) (57,68) (40,42) (50,19) (70,43) (74,39) (42,25) (69,32) (47,13) (64,67) (41,20) (63,62) (32,53) (38,33) (54,63) (56,38) (33,13) (74,27) (51,38) (62,44) (75,32) (44,13) (68,25)

Sample 5
Class: E
Image size: 105x105
Number of points: 80
Points:
(74,36) (38,30) (36,46) (71,44) (25,44) (65,38) (35,36) (54,74) (35,35) (33,65) (65,30) (64,30) (66,35) (68,43) (57,44) (72,70) (62,30) (66,74) (76,41) (69,64) (71,43) (42,68) (71,46) (31,28) (75,39) (71,54) (66,39) (53,43) (28,54) (70,59) (74,35) (76,56) (29,55) (76,45) (39,31) (48,68) (49,74) (65,37) (35,59) (60,34) (57,74) (71,48) (34,57) (53,41) (72,33) (61,31) (54,44) (25,48) (30,36) (45,68) (71,57) (30,40) (35,58) (34,56) (76,42) (25,46) (25,34) (55,40) (48,74) (49,68) (34,46) (64,74) (71,52) (71,32) (55,44) (33,51) (37,62) (33,46) (40,33) (25,43) (60,75) (65,69) (70,61) (47,68) (75,38) (76,44) (50,74) (71,45) (74,65) (31,62)

Sample 6
Class: F
Image size: 105x105
Number of points: 80
Points:
(65,34) (50,26) (56,59) (60,37) (60,35) (64,65) (51,31) (55,59) (37,30) (33,56) (62,65) (68,64) (44,50) (38,29) (35,53) (40,45) (53,26) (52,26) (39,29) (40,34) (41,35) (50,49) (34,54) (63,65) (37,51) (41,33) (50,59) (44,55) (38,58) (52,65) (32,45) (59,34) (35,46) (61,52) (65,37) (46,60) (45,26) (61,59) (45,60) (56,31) (32,58) (49,65) (66,40) (34,64) (55,31) (45,65) (62,59) (60,40) (56,65) (46,65) (66,42) (62,29) (45,41) (32,41) (42,65) (65,36) (56,26) (53,59) (38,46) (42,50) (47,31) (60,42) (60,28) (46,50) (65,38) (56,54) (54,54) (60,41) (62,51) (33,33) (32,59) (59,27) (32,60) (47,55) (32,35) (60,38) (60,59) (44,65) (36,30) (44,60)

Sample 7
Class: G
Image size: 105x105
Number of points: 80
Points:
(75,25) (74,21) (59,45) (53,38) (59,32) (24,27) (79,23) (57,78) (45,23) (35,67) (53,22) (77,21) (48,23) (53,31) (53,35) (38,75) (75,21) (39,29) (60,66) (59,31) (37,70) (59,46) (64,21) (46,28) (60,56) (26,28) (59,30) (37,56) (60,61) (50,23) (29,59) (36,57) (54,43) (59,22) (43,70) (55,76) (67,26) (54,61) (41,23) (60,50) (54,59) (36,29) (36,23) (60,22) (59,33) (60,49) (52,23) (40,70) (60,59) (48,28) (54,60) (54,58) (53,29) (59,43) (37,23) (52,28) (46,76) (44,70) (59,44) (60,54) (29,23) (53,34) (54,53) (54,64) (54,44) (34,23) (59,29) (35,75) (60,63) (42,70) (61,27) (59,38) (59,76) (59,42) (29,68) (34,64) (74,26) (47,75) (52,74) (47,23)

Sample 8
Class: H
Image size: 105x105
Number of points: 80
Points:
(40,55) (37,23) (48,21) (55,58) (35,33) (35,29) (61,27) (64,26) (54,58) (64,22) (64,57) (55,64) (40,49) (38,22) (40,52) (61,43) (50,21) (49,21) (39,22) (59,27) (63,27) (64,46) (34,53) (56,64) (40,50) (54,27) (49,58) (34,56) (45,58) (46,64) (60,43) (60,27) (41,46) (34,52) (40,33) (43,21) (32,59) (44,27) (44,58) (61,63) (43,40) (31,60) (43,27) (43,63) (42,40) (49,64) (44,63) (53,40) (40,22) (47,40) (44,40) (40,63) (40,31) (53,21) (44,46) (64,48) (66,24) (52,40) (62,21) (64,49) (40,35) (59,54) (34,54) (48,40) (40,51) (53,27) (59,21) (43,58) (62,27) (35,35) (59,57) (42,63) (41,22) (37,62) (47,64) (43,46) (49,40) (45,27) (50,40) (46,40)

Sample 9
Class: I
Image size: 105x105
Number of points: 80
Points:
(43,25) (68,18) (58,43) (65,40) (29,38) (36,27) (38,25) (61,23) (57,61) (44,19) (43,19) (50,24) (35,37) (35,39) (51,81) (41,19) (65,34) (58,60) (59,37) (63,67) (30,44) (63,14) (66,29) (39,49) (35,29) (29,37) (38,48) (58,50) (61,24) (55,49) (41,49) (36,43) (62,19) (63,70) (51,86) (49,25) (52,50) (62,22) (47,44) (57,49) (29,34) (52,21) (68,19) (59,38) (45,44) (30,25) (57,69) (64,49) (35,30) (48,50) (53,49) (35,36) (37,43) (62,21) (35,31) (50,86) (58,71) (39,43) (33,47) (40,20) (65,38) (30,45) (63,55) (38,43) (34,21) (60,36) (63,79) (58,54) (58,70) (66,27) (29,41) (52,86) (30,43) (63,62) (58,55) (30,27) (53,81) (64,78) (31,24) (36,20)

Sample 10
Class: J
Image size: 105x105
Number of points: 80
Points:
(29,25) (44,21) (35,36) (56,33) (67,31) (34,27) (82,22) (76,21) (73,53) (48,21) (47,21) (30,22) (41,31) (55,32) (41,34) (50,38) (38,21) (56,36) (80,22) (30,43) (40,40) (51,42) (73,35) (55,30) (83,24) (73,77) (67,37) (69,77) (67,49) (73,56) (33,21) (36,44) (73,48) (72,21) (38,42) (67,30) (74,27) (68,66) (71,21) (28,24) (52,44) (66,27) (58,21) (55,21) (73,28) (56,21) (78,27) (74,75) (75,27) (68,72) (81,26) (73,63) (43,21) (54,43) (41,32) (56,35) (63,21) (67,28) (52,21) (41,36) (45,27) (40,39) (32,39) (36,28) (41,37) (79,22) (55,42) (49,21) (67,56) (67,40) (83,25) (67,44) (44,27) (73,50) (30,26) (57,21) (73,57) (67,61) (36,32) (55,39)

Sample 11
Class: A
Image size: 105x105
Number of points: 80
Points:
(25,37) (57,29) (52,49) (20,47) (52,45) (36,39) (31,36) (71,78) (19,35) (35,66) (30,30) (24,30) (36,35) (40,45) (37,46) (60,73) (58,29) (29,80) (31,44) (60,65) (41,45) (62,67) (22,50) (31,28) (25,41) (57,55) (58,40) (36,45) (36,55) (58,60) (60,35) (31,58) (36,56) (46,48) (30,31) (63,68) (64,77) (25,38) (53,60) (30,34) (66,79) (25,51) (52,58) (29,84) (57,43) (36,33) (36,31) (20,46) (57,50) (25,36) (38,68) (57,58) (36,41) (52,59) (52,57) (20,45) (52,48) (52,33) (25,42) (38,77) (30,69) (21,49) (69,79) (57,53) (30,32) (26,46) (51,52) (53,63) (57,48) (25,33) (25,45) (35,81) (30,73) (59,62) (56,68) (59,39) (27,47) (71,77) (45,48) (44,66)

Sample 12
Class: B
Image size: 105x105
Number of points: 80
Points:
(27,65) (43,28) (39,17) (72,71) (33,42) (35,40) (53,38) (49,31) (67,71) (43,27) (71,67) (26,77) (28,59) (42,25) (27,62) (55,51) (39,18) (44,17) (47,25) (43,38) (42,39) (64,56) (22,63) (23,78) (28,60) (37,37) (27,70) (21,66) (27,69) (70,73) (32,51) (48,38) (26,53) (22,62) (40,42) (41,15) (40,34) (21,73) (36,46) (27,68) (51,33) (21,72) (30,46) (26,74) (27,72) (60,48) (42,26) (35,47) (53,46) (27,71) (40,41) (45,19) (63,53) (65,58) (48,29) (54,48) (41,24) (66,59) (39,43) (53,47) (28,61) (53,36) (46,22) (22,64) (36,39) (32,43) (67,62) (71,73) (48,26) (62,65) (21,67) (56,53) (59,47) (52,34) (28,48) (29,47) (53,37) (49,41) (40,23) (45,35)

Sample 13
Class: C
Image size: 105x105
Number of points: 80
Points:
(45,38) (25,31) (22,50) (46,48) (22,48) (64,40) (58,37) (55,77) (40,36) (46,71) (59,31) (47,31) (64,36) (45,47) (33,48) (25,76) (26,31) (37,78) (64,45) (22,71) (58,47) (59,71) (22,51) (46,28) (45,42) (48,54) (28,42) (39,47) (46,54) (21,61) (28,37) (27,55) (50,54) (56,48) (59,32) (30,72) (50,77) (45,39) (27,60) (59,35) (30,78) (31,53) (27,56) (39,45) (64,34) (63,32) (30,48) (29,53) (46,37) (22,72) (22,57) (64,42) (27,58) (55,54) (63,46) (57,48) (22,35) (45,43) (49,77) (41,72) (22,49) (33,78) (40,54) (59,33) (31,48) (35,54) (27,66) (63,48) (46,34) (22,47) (40,78) (62,74) (21,65) (29,72) (28,41) (47,48) (51,77) (55,48) (49,71) (21,66)

Sample 14
Class: D
Image size: 105x105
Number of points: 80
Points:
(78,15) (30,12) (62,36) (69,28) (63,23) (27,18) (26,13) (45,59) (62,12) (53,50) (34,12) (33,12) (74,12) (68,21) (69,25) (68,56) (31,12) (67,61) (57,18) (33,50) (63,22) (67,52) (62,37) (68,11) (37,18) (58,42) (35,18) (62,21) (36,42) (52,45) (76,12) (41,45) (60,42) (68,33) (40,12) (48,53) (40,59) (75,16) (51,45) (58,12) (69,59) (48,39) (43,45) (54,18) (53,12) (41,12) (63,24) (46,39) (25,13) (40,53) (44,45) (39,18) (47,45) (66,44) (67,19) (62,34) (54,12) (43,18) (39,59) (59,53) (62,35) (69,60) (37,41) (46,12) (68,24) (52,40) (65,47) (68,34) (51,12) (62,20) (54,56) (33,47) (47,53) (29,18) (63,29) (41,59) (63,33) (66,50) (56,47) (73,17)

Sample 15
Class: E
Image size: 105x105
Number of points: 80
Points:
(70,34) (38,27) (66,56) (73,48) (38,44) (64,36) (49,33) (63,62) (40,65) (72,72) (72,55) (33,30) (45,59) (35,43) (50,26) (49,26) (55,30) (37,34) (37,35) (73,50) (48,59) (48,26) (71,57) (32,33) (50,64) (41,61) (41,64) (55,76) (73,42) (50,34) (49,77) (44,59) (48,77) (46,69) (53,71) (43,26) (46,66) (41,69) (56,31) (68,63) (45,76) (50,39) (41,73) (48,31) (42,75) (56,66) (39,39) (59,30) (59,75) (33,41) (57,30) (33,40) (55,39) (69,74) (32,36) (55,71) (37,27) (53,64) (73,44) (72,54) (64,30) (72,40) (34,29) (72,56) (49,37) (64,59) (55,59) (40,40) (65,58) (68,32) (47,64) (35,28) (67,68) (64,61) (32,35) (37,37) (46,67) (71,74) (58,30) (57,70)

Sample 16
Class: F
Image size: 105x105
Number of points: 80
Points:
(38,64) (66,34) (47,28) (39,69) (94,41) (86,40) (80,39) (90,35) (37,69) (81,33) (82,65) (46,59) (42,33) (58,62) (95,50) (51,28) (50,28) (48,33) (60,39) (45,40) (94,56) (88,62) (48,28) (91,59) (60,38) (52,68) (43,64) (66,67) (61,50) (64,39) (94,53) (57,62) (33,42) (44,27) (48,69) (75,36) (64,67) (45,45) (73,36) (54,39) (95,44) (33,48) (56,33) (89,46) (61,45) (89,62) (64,41) (53,30) (59,68) (41,54) (41,59) (57,35) (32,48) (69,32) (49,59) (82,42) (65,63) (54,63) (29,47) (78,61) (37,38) (33,68) (28,32) (29,31) (49,64) (27,40) (66,42) (68,33) (38,54) (87,63) (44,47) (77,36) (89,47) (56,46) (33,39) (31,65) (68,41) (67,66) (42,64) (43,32)

Sample 17
Class: G
Image size: 105x105
Number of points: 80
Points:
(69,76) (62,42) (38,39) (61,51) (66,49) (60,48) (36,44) (42,42) (52,70) (59,41) (60,73) (61,59) (39,40) (33,40) (60,41) (41,48) (42,49) (60,67) (72,76) (55,71) (65,46) (65,75) (60,59) (51,48) (52,61) (66,51) (35,37) (38,45) (63,74) (65,55) (54,70) (65,44) (73,74) (45,55) (66,75) (61,73) (45,58) (61,41) (65,56) (45,56) (44,53) (47,43) (56,59) (33,39) (50,57) (65,48) (52,51) (49,41) (54,63) (57,46) (54,40) (71,77) (44,44) (59,59) (60,53) (57,53) (63,59) (55,46) (54,52) (71,72) (52,56) (62,74) (49,66) (59,54) (63,42) (50,58) (68,70) (53,62) (50,59) (56,40) (47,63) (73,75) (49,65) (65,53) (62,59) (57,41) (56,46) (54,46) (62,68) (65,54)

Sample 18
Class: H
Image size: 105x105
Number of points: 80
Points:
(57,27) (37,25) (60,35) (61,33) (51,32) (29,30) (56,26) (30,65) (52,26) (34,49) (39,25) (38,25) (53,26) (29,32) (28,33) (30,60) (33,70) (47,31) (29,49) (34,32) (34,52) (28,36) (32,25) (37,31) (35,66) (40,31) (35,68) (50,25) (29,27) (35,56) (28,44) (35,58) (44,25) (42,25) (45,31) (43,25) (42,31) (30,59) (41,31) (53,37) (29,29) (28,47) (36,25) (28,42) (61,32) (34,35) (46,25) (29,54) (41,25) (32,70) (29,31) (34,38) (28,38) (43,31) (52,36) (54,26) (34,40) (31,66) (29,50) (34,39) (58,27) (28,46) (34,50) (28,41) (34,53) (34,47) (30,58) (30,62) (53,38) (34,44) (30,26) (44,31) (29,53) (31,68) (61,29) (40,25) (51,26) (34,48) (29,28) (28,39)

Sample 19
Class: I
Image size: 105x105
Number of points: 80
Points:
(83,68) (81,35) (34,30) (50,44) (45,42) (74,41) (47,36) (32,35) (40,64) (83,33) (69,67) (80,56) (33,31) (27,31) (56,34) (50,41) (39,42) (59,62) (55,68) (77,30) (46,65) (79,39) (55,56) (52,41) (40,58) (68,67) (74,44) (32,26) (63,37) (80,49) (35,37) (49,41) (55,49) (34,53) (58,34) (49,51) (34,50) (56,68) (58,43) (74,31) (41,59) (36,63) (39,36) (28,53) (59,33) (43,64) (80,45) (77,68) (63,68) (74,51) (84,66) (27,39) (67,32) (75,31) (29,42) (56,45) (27,35) (72,58) (81,68) (80,51) (65,37) (49,52) (28,51) (28,41) (74,43) (68,32) (58,68) (69,37) (35,63) (42,59) (30,44) (82,64) (55,48) (82,31) (37,42) (74,47) (28,55) (80,43) (65,32) (47,41)

Sample 20
Class: J
Image size: 105x105
Number of points: 80
Points:
(27,30) (48,24) (28,41) (68,38) (72,36) (48,30) (50,29) (28,61) (31,26) (36,72) (75,50) (52,24) (51,24) (71,27) (50,36) (67,37) (74,55) (36,75) (49,24) (28,65) (67,34) (34,50) (56,36) (28,54) (30,72) (46,41) (69,23) (53,31) (49,46) (27,31) (33,36) (34,46) (61,48) (71,28) (28,48) (75,46) (31,76) (47,40) (58,24) (49,54) (34,58) (40,30) (60,48) (71,25) (34,62) (52,42) (35,81) (37,79) (41,48) (29,69) (33,34) (36,25) (59,24) (33,37) (45,42) (49,29) (46,54) (48,48) (66,31) (56,48) (70,47) (67,35) (51,40) (37,25) (31,77) (52,32) (28,58) (50,54) (68,40) (28,64) (34,45) (64,24) (49,37) (43,44) (52,49) (54,40) (34,25) (72,35) (34,66) (41,55)

Sample 21
Class: A
Image size: 105x105
Number of points: 80
Points:
(26,30) (32,17) (66,43) (58,42) (47,42) (38,33) (44,28) (30,71) (43,26) (24,75) (43,56) (31,19) (42,18) (38,27) (38,42) (52,42) (67,66) (31,77) (42,17) (75,72) (21,41) (69,55) (45,42) (63,59) (73,74) (68,43) (36,13) (23,36) (50,48) (38,35) (35,42) (48,48) (70,50) (27,28) (59,48) (52,48) (22,78) (30,43) (36,21) (35,61) (31,70) (38,31) (65,50) (43,25) (75,71) (23,47) (25,80) (64,48) (67,74) (27,40) (38,24) (38,21) (49,42) (70,46) (38,28) (42,60) (70,48) (39,36) (65,49) (57,48) (32,42) (31,43) (43,24) (22,79) (39,37) (72,69) (41,61) (37,43) (36,72) (33,48) (43,22) (50,42) (28,48) (64,53) (36,43) (29,24) (33,42) (65,73) (33,66) (70,52)

Sample 22
Class: B
Image size: 105x105
Number of points: 80
Points:
(60,34) (63,12) (62,43) (37,43) (80,41) (47,37) (55,32) (21,64) (56,28) (50,71) (21,53) (62,14) (68,13) (62,29) (79,40) (81,42) (21,60) (68,12) (20,66) (77,38) (88,52) (22,41) (48,55) (45,71) (64,43) (69,7) (67,37) (25,46) (65,37) (27,40) (17,46) (54,49) (61,30) (78,47) (55,46) (57,43) (61,17) (48,56) (15,63) (39,37) (49,49) (57,26) (16,65) (72,43) (16,48) (45,68) (74,38) (64,23) (66,17) (46,42) (70,43) (61,31) (89,55) (22,48) (69,37) (79,48) (49,47) (24,40) (58,43) (58,24) (73,37) (52,62) (53,56) (60,43) (51,65) (27,45) (60,20) (47,42) (56,44) (49,51) (59,43) (64,22) (25,40) (17,67) (84,59) (86,50) (21,56) (49,37) (38,43) (21,63)

Sample 23
Class: C
Image size: 105x105
Number of points: 80
Points:
(68,34) (40,29) (78,44) (25,43) (60,41) (40,36) (63,34) (65,68) (44,33) (61,55) (64,29) (63,29) (26,34) (40,41) (40,42) (49,65) (61,29) (50,71) (24,40) (36,55) (47,41) (67,58) (31,45) (33,27) (55,37) (58,48) (40,37) (30,41) (26,48) (72,50) (38,34) (30,50) (27,49) (40,44) (70,29) (41,60) (41,67) (45,35) (71,50) (27,33) (64,69) (39,45) (32,50) (62,71) (60,39) (27,32) (71,29) (78,41) (37,45) (55,34) (61,59) (34,50) (72,37) (59,50) (28,50) (73,40) (47,44) (36,32) (40,38) (66,66) (61,60) (61,44) (49,70) (67,46) (60,30) (24,42) (56,46) (66,52) (56,44) (57,31) (78,40) (53,71) (61,64) (37,52) (36,60) (55,36) (30,43) (42,67) (30,44) (58,72)

Sample 24
Class: D
Image size: 105x105
Number of points: 80
Points:
(70,81) (28,28) (79,22) (61,42) (68,40) (44,39) (77,29) (28,27) (50,65) (68,25) (67,69) (73,55) (83,22) (82,22) (27,26) (41,39) (31,40) (36,61) (67,72) (80,22) (63,65) (38,37) (36,55) (42,39) (73,57) (73,68) (63,42) (26,20) (37,32) (32,47) (73,31) (40,39) (56,46) (37,50) (68,26) (38,48) (57,47) (72,72) (68,41) (89,22) (63,58) (65,64) (81,28) (31,50) (24,25) (53,65) (32,44) (71,78) (66,76) (63,48) (59,66) (67,36) (32,24) (90,22) (46,39) (66,43) (86,26) (45,58) (71,80) (64,48) (73,32) (31,49) (73,47) (73,38) (73,41) (69,24) (72,73) (73,33) (48,64) (73,58) (59,42) (61,65) (39,46) (71,23) (67,39) (48,45) (30,53) (31,42) (76,23) (31,39)

Sample 25
Class: E
Image size: 105x105
Number of points: 80
Points:
(29,64) (31,31) (75,24) (23,41) (40,39) (28,38) (23,33) (79,30) (63,57) (42,30) (23,60) (64,50) (29,25) (28,25) (45,30) (17,38) (59,38) (70,55) (72,60) (80,24) (82,58) (80,36) (38,64) (46,50) (26,38) (40,52) (81,59) (46,41) (79,23) (41,34) (46,45) (24,34) (86,37) (23,45) (86,47) (51,30) (58,46) (63,45) (76,60) (54,40) (75,26) (18,53) (84,56) (22,32) (80,47) (18,30) (28,58) (46,42) (25,63) (73,61) (80,46) (35,59) (46,36) (47,29) (83,26) (40,38) (23,42) (53,30) (65,52) (27,64) (86,46) (80,34) (40,47) (40,46) (52,37) (60,40) (37,64) (48,29) (78,60) (40,35) (62,56) (24,53) (86,40) (64,58) (46,44) (18,28) (46,38) (80,43) (40,49) (80,40)

Sample 26
Class: F
Image size: 105x105
Number of points: 80
Points:
(81,45) (74,37) (68,53) (25,52) (68,51) (18,47) (81,44) (52,71) (62,43) (39,61) (75,38) (61,38) (49,44) (46,51) (19,52) (53,66) (59,38) (56,72) (12,50) (37,61) (51,51) (59,61) (82,53) (63,37) (67,47) (58,55) (53,47) (31,51) (56,55) (27,58) (58,44) (27,56) (60,55) (26,53) (55,40) (45,62) (48,70) (54,46) (82,57) (80,42) (62,71) (68,54) (76,56) (68,49) (69,42) (56,40) (82,51) (51,54) (75,44) (68,61) (82,56) (81,47) (15,57) (12,56) (76,50) (31,53) (70,42) (46,48) (67,69) (51,62) (51,53) (65,71) (43,55) (79,41) (12,52) (38,55) (31,60) (45,53) (66,42) (82,50) (59,72) (68,65) (28,60) (81,61) (20,47) (31,52) (49,70) (17,53) (42,61) (30,60)

Sample 27
Class: G
Image size: 105x105
Number of points: 80
Points:
(81,73) (82,30) (70,27) (40,81) (70,42) (39,40) (52,38) (65,33) (78,80) (45,30) (46,76) (80,65) (37,30) (75,69) (52,55) (74,27) (73,27) (40,30) (76,37) (39,39) (53,62) (75,70) (71,27) (41,67) (42,36) (81,77) (76,74) (67,76) (35,55) (33,38) (58,57) (59,69) (33,43) (76,26) (70,81) (64,82) (62,34) (65,76) (52,48) (60,34) (70,37) (72,81) (34,48) (71,51) (42,30) (76,49) (70,48) (81,70) (76,41) (65,28) (74,80) (58,58) (35,65) (79,31) (58,51) (33,30) (54,66) (52,44) (81,72) (36,72) (40,50) (59,68) (32,36) (68,76) (58,29) (66,28) (72,75) (70,38) (47,82) (33,44) (44,30) (35,58) (60,73) (52,50) (76,34) (76,50) (58,49) (39,37) (37,76) (33,42)

Sample 28
Class: H
Image size: 105x105
Number of points: 80
Points:
(54,59) (53,30) (49,21) (63,64) (43,41) (43,39) (38,38) (48,32) (34,64) (45,30) (61,60) (68,74) (36,57) (46,29) (48,57) (60,50) (50,22) (42,22) (47,29) (49,37) (49,38) (53,53) (29,58) (65,75) (40,57) (44,36) (29,63) (57,59) (29,62) (33,72) (54,50) (54,37) (48,51) (47,57) (50,41) (45,20) (69,65) (53,33) (68,61) (64,71) (51,45) (69,66) (48,33) (63,70) (42,45) (30,73) (69,70) (34,48) (52,29) (52,46) (57,45) (69,69) (50,40) (42,24) (30,52) (66,56) (48,31) (58,47) (52,28) (38,57) (50,42) (68,58) (52,58) (58,46) (44,57) (39,36) (41,27) (34,68) (43,38) (43,42) (68,60) (34,70) (40,30) (63,63) (28,65) (61,51) (35,47) (39,34) (41,47) (42,46)

Sample 29
Class: I
Image size: 105x105
Number of points: 80
Points:
(63,34) (71,11) (62,57) (69,36) (69,86) (65,23) (46,69) (71,18) (68,65) (47,69) (53,76) (42,57) (71,16) (42,60) (68,51) (71,9) (65,9) (65,17) (63,33) (63,35) (68,54) (36,61) (70,8) (42,58) (69,30) (44,68) (37,64) (43,67) (70,81) (62,51) (69,33) (68,52) (36,60) (63,41) (68,71) (63,75) (68,6) (49,70) (57,71) (70,25) (37,67) (64,80) (62,46) (49,76) (64,25) (64,78) (58,70) (47,46) (70,83) (69,78) (39,49) (71,17) (62,47) (68,46) (54,77) (63,39) (65,11) (68,68) (46,53) (68,56) (65,21) (68,48) (71,15) (68,57) (63,43) (62,62) (36,62) (68,47) (42,59) (64,30) (62,67) (65,14) (52,71) (68,64) (69,34) (68,42) (69,73) (69,77) (65,18) (69,75)

Sample 30
Class: J
Image size: 105x105
Number of points: 80
Points:
(49,17) (41,11) (68,29) (39,27) (56,25) (40,18) (44,17) (76,67) (31,15) (70,79) (69,40) (45,11) (44,11) (73,16) (74,24) (39,26) (70,57) (70,82) (42,11) (76,71) (39,23) (50,40) (34,25) (75,42) (76,78) (33,30) (54,10) (74,19) (49,34) (62,19) (68,24) (74,33) (59,37) (41,17) (59,35) (59,34) (76,82) (74,28) (51,11) (75,45) (70,65) (55,17) (38,37) (31,13) (70,69) (54,31) (74,88) (71,86) (74,35) (76,75) (68,22) (33,12) (52,11) (68,25) (33,31) (43,17) (70,44) (34,36) (40,20) (74,36) (51,35) (39,24) (33,29) (68,12) (76,83) (74,20) (76,64) (70,46) (55,29) (76,70) (46,33) (62,11) (74,25) (68,32) (59,38) (39,29) (67,11) (56,24) (70,73) (76,55)

Sample 31
Class: A
Image size: 105x105
Number of points: 80
Points:
(27,34) (59,23) (33,52) (40,48) (30,46) (19,36) (63,33) (46,32) (26,55) (32,43) (57,21) (50,21) (44,27) (25,34) (29,34) (41,49) (53,55) (49,21) (26,53) (45,33) (24,63) (54,58) (24,62) (27,52) (41,42) (26,34) (36,77) (53,54) (35,77) (24,69) (41,71) (53,19) (56,65) (56,68) (47,31) (56,61) (31,77) (59,38) (53,72) (40,31) (42,76) (24,66) (41,38) (60,27) (43,76) (64,39) (51,27) (25,39) (64,38) (28,76) (37,35) (35,72) (47,23) (56,63) (45,46) (43,51) (42,29) (59,39) (52,26) (44,52) (42,36) (30,57) (53,56) (26,39) (26,54) (38,33) (30,62) (54,25) (47,69) (49,59) (28,34) (36,36) (30,68) (41,76) (55,27) (45,70) (54,71) (38,46) (54,57) (27,39)

Sample 32
Class: B
Image size: 105x105
Number of points: 80
Points:
(38,67) (51,32) (54,26) (76,41) (81,39) (56,38) (79,32) (46,32) (44,58) (32,31) (28,62) (39,51) (58,26) (57,26) (29,32) (30,38) (29,39) (26,56) (34,62) (55,26) (75,58) (25,37) (29,68) (20,51) (39,38) (67,52) (27,62) (22,42) (63,24) (61,34) (21,46) (43,34) (24,38) (76,45) (57,48) (31,32) (26,47) (39,46) (35,62) (28,41) (42,27) (73,52) (78,57) (64,32) (45,48) (76,29) (70,58) (22,43) (20,67) (20,65) (45,47) (44,60) (61,36) (74,28) (43,27) (24,69) (76,38) (76,42) (45,32) (70,52) (36,67) (57,47) (80,34) (82,47) (82,46) (61,37) (39,41) (28,68) (75,28) (43,62) (61,35) (77,57) (74,52) (56,41) (73,58) (21,45) (70,27) (81,38) (45,44) (82,49)

Sample 33
Class: C
Image size: 105x105
Number of points: 80
Points:
(28,41) (34,30) (24,57) (33,54) (63,52) (49,44) (53,39) (65,73) (53,37) (52,65) (33,31) (49,30) (48,38) (60,52) (22,53) (61,69) (35,30) (21,74) (59,51) (29,65) (61,52) (23,67) (47,57) (38,29) (27,47) (31,60) (49,46) (58,52) (17,60) (69,62) (28,39) (46,61) (52,60) (47,56) (30,34) (68,67) (11,73) (49,42) (63,62) (52,36) (15,74) (11,58) (63,61) (61,74) (33,51) (46,35) (38,34) (19,53) (61,57) (48,39) (54,67) (69,61) (49,47) (24,62) (25,61) (48,52) (68,56) (52,35) (49,48) (66,72) (9,68) (13,57) (18,74) (32,59) (43,34) (20,53) (68,58) (24,64) (12,57) (36,35) (56,52) (56,74) (58,69) (69,63) (63,67) (27,45) (48,54) (12,73) (32,56) (19,75)

Sample 34
Class: D
Image size: 105x105
Number of points: 80
Points:
(36,51) (64,8) (28,7) (69,20) (50,17) (61,14) (32,12) (59,8) (45,54) (31,44) (51,8) (73,47) (30,35) (37,7) (31,7) (54,8) (58,14) (63,15) (67,40) (68,48) (29,7) (56,45) (44,13) (41,51) (42,56) (28,35) (59,14) (73,37) (68,47) (56,21) (35,6) (42,12) (40,56) (57,29) (40,12) (57,14) (70,28) (34,34) (56,8) (66,31) (70,29) (72,48) (64,19) (43,7) (57,39) (50,43) (80,10) (33,34) (22,8) (67,44) (56,23) (68,50) (72,49) (51,32) (67,46) (26,13) (37,57) (75,7) (44,7) (49,52) (69,14) (69,22) (58,8) (67,38) (34,51) (57,32) (71,12) (51,33) (51,31) (69,13) (46,53) (69,19) (43,55) (40,51) (76,7) (32,49) (75,12) (31,43) (67,39) (56,20)

Sample 35
Class: E
Image size: 105x105
Number of points: 80
Points:
(50,68) (61,35) (51,30) (41,71) (40,51) (33,50) (36,49) (64,38) (52,35) (60,69) (57,64) (60,34) (38,66) (28,60) (53,30) (52,30) (49,35) (64,48) (64,49) (45,63) (41,66) (42,71) (61,64) (69,45) (33,69) (58,70) (70,59) (70,48) (69,60) (37,66) (64,51) (48,29) (67,40) (45,70) (35,55) (49,68) (59,40) (62,69) (29,55) (36,71) (63,69) (34,57) (50,35) (70,55) (36,55) (64,50) (44,31) (47,61) (55,64) (62,36) (29,57) (47,34) (64,52) (29,56) (64,45) (59,33) (36,65) (37,49) (40,52) (59,64) (61,69) (51,35) (56,70) (30,67) (34,61) (34,56) (29,64) (63,44) (62,43) (40,66) (70,54) (57,38) (37,55) (64,61) (65,67) (38,54) (54,30) (30,53) (29,54) (48,34)

Sample 36
Class: F
Image size: 105x105
Number of points: 80
Points:
(37,60) (61,36) (18,33) (52,43) (50,42) (62,41) (6,38) (48,36) (14,62) (58,55) (75,35) (66,57) (53,50) (30,33) (29,33) (43,36) (45,41) (10,42) (6,54) (67,58) (19,33) (83,55) (12,40) (71,60) (40,50) (46,41) (59,51) (44,57) (67,43) (23,32) (24,38) (10,47) (22,38) (29,41) (83,46) (78,48) (45,36) (5,48) (45,47) (82,58) (10,43) (12,34) (11,52) (6,55) (26,37) (71,48) (67,35) (73,55) (59,44) (67,59) (34,59) (27,48) (66,56) (72,39) (41,35) (13,34) (80,60) (72,41) (43,44) (47,36) (78,51) (35,60) (34,48) (54,38) (45,48) (77,47) (79,40) (75,61) (27,43) (70,60) (63,35) (17,59) (78,38) (83,54) (27,52) (37,43) (76,55) (59,46) (68,34) (80,41)

Sample 37
Class: G
Image size: 105x105
Number of points: 80
Points:
(61,73) (46,27) (80,24) (63,39) (51,36) (37,33) (75,29) (41,27) (78,63) (33,27) (65,67) (46,53) (60,25) (83,24) (36,27) (34,33) (54,33) (80,59) (72,69) (81,24) (70,65) (46,32) (64,52) (35,33) (61,55) (64,67) (73,39) (70,24) (64,30) (43,46) (62,30) (33,33) (68,45) (44,49) (38,27) (60,47) (50,46) (73,69) (66,38) (66,25) (77,56) (73,62) (80,28) (36,49) (29,27) (71,64) (59,41) (60,72) (70,71) (37,48) (58,67) (43,32) (59,26) (67,25) (39,33) (41,41) (40,27) (41,56) (66,72) (43,48) (66,30) (57,48) (48,47) (30,33) (67,38) (84,26) (54,70) (70,30) (56,62) (78,56) (43,39) (56,65) (69,44) (52,26) (40,33) (70,43) (34,51) (72,38) (57,26) (31,33)

Sample 38
Class: H
Image size: 105x105
Number of points: 80
Points:
(31,65) (44,28) (44,22) (40,71) (60,41) (36,40) (56,39) (41,30) (32,71) (47,27) (41,66) (55,59) (50,26) (37,62) (42,48) (52,22) (45,22) (34,27) (54,39) (58,39) (37,56) (31,63) (37,72) (51,60) (35,37) (43,65) (44,70) (41,48) (55,39) (39,49) (31,62) (31,42) (47,21) (37,32) (46,69) (45,43) (52,65) (30,32) (47,68) (44,43) (36,72) (48,68) (50,46) (35,27) (56,44) (58,43) (50,41) (43,23) (37,50) (53,59) (42,29) (31,46) (48,26) (37,60) (48,42) (57,44) (30,37) (51,25) (32,70) (57,39) (47,42) (37,61) (32,68) (46,27) (46,63) (54,64) (31,50) (31,45) (30,33) (54,45) (31,44) (30,39) (43,43) (40,30) (59,43) (37,51) (39,72) (40,43) (41,23) (60,42)

Sample 39
Class: I
Image size: 105x105
Number of points: 80
Points:
(54,35) (43,17) (63,52) (33,49) (39,46) (42,37) (49,35) (34,75) (39,32) (67,66) (37,19) (45,18) (33,34) (58,45) (58,47) (40,72) (46,17) (33,43) (65,66) (63,45) (77,67) (39,53) (45,13) (50,40) (39,61) (33,40) (40,45) (60,60) (38,65) (33,35) (53,63) (60,61) (58,51) (43,21) (74,70) (39,73) (44,36) (33,65) (39,30) (32,76) (39,55) (33,64) (43,42) (34,28) (36,22) (64,46) (62,54) (48,35) (32,69) (38,64) (52,40) (73,64) (33,63) (58,44) (63,51) (39,28) (62,40) (38,73) (31,71) (39,52) (30,77) (39,59) (41,24) (33,47) (33,58) (38,66) (33,52) (34,27) (63,44) (72,71) (72,65) (32,70) (59,37) (39,49) (29,74) (39,51) (70,66) (33,66) (41,37) (42,72)

Sample 40
Class: J
Image size: 105x105
Number of points: 80
Points:
(45,45) (60,23) (38,23) (69,49) (49,29) (34,29) (75,28) (67,23) (64,49) (58,23) (62,46) (41,41) (54,23) (54,43) (41,36) (40,23) (39,23) (55,23) (31,28) (77,28) (40,39) (57,43) (66,52) (34,42) (28,26) (61,45) (69,48) (35,36) (74,28) (56,37) (53,43) (50,29) (33,23) (72,23) (36,48) (66,29) (47,45) (71,23) (40,47) (65,29) (35,49) (63,47) (36,31) (56,23) (70,29) (67,29) (46,29) (43,23) (40,38) (64,40) (63,23) (42,30) (52,23) (43,41) (54,29) (71,29) (78,25) (49,23) (52,43) (76,28) (53,29) (66,42) (39,47) (57,23) (33,47) (60,44) (35,38) (72,29) (73,23) (73,29) (75,24) (59,43) (64,29) (66,23) (68,29) (49,38) (68,44) (61,29) (41,23) (56,29)
